              pres00 0.50018E+00
    2   65    2   65
  0.15625E-01  0.31250E-01  0.46875E-01  0.62500E-01  0.78125E-01  0.93750E-01  0.10938E+00  0.12500E+00
  0.14063E+00  0.15625E+00  0.17188E+00  0.18750E+00  0.20313E+00  0.21875E+00  0.23438E+00  0.25000E+00
  0.26563E+00  0.28125E+00  0.29688E+00  0.31250E+00  0.32813E+00  0.34375E+00  0.35938E+00  0.37500E+00
  0.39063E+00  0.40625E+00  0.42188E+00  0.43750E+00  0.45313E+00  0.46875E+00  0.48438E+00  0.50000E+00
  0.51563E+00  0.53125E+00  0.54688E+00  0.56250E+00  0.57813E+00  0.59375E+00  0.60938E+00  0.62500E+00
  0.64063E+00  0.65625E+00  0.67188E+00  0.68750E+00  0.70313E+00  0.71875E+00  0.73438E+00  0.75000E+00
  0.76563E+00  0.78125E+00  0.79688E+00  0.81250E+00  0.82813E+00  0.84375E+00  0.85938E+00  0.87500E+00
  0.89063E+00  0.90625E+00  0.92188E+00  0.93750E+00  0.95313E+00  0.96875E+00  0.98438E+00  0.10000E+01
  0.15625E-01  0.31250E-01  0.46875E-01  0.62500E-01  0.78125E-01  0.93750E-01  0.10938E+00  0.12500E+00
  0.14063E+00  0.15625E+00  0.17188E+00  0.18750E+00  0.20313E+00  0.21875E+00  0.23438E+00  0.25000E+00
  0.26563E+00  0.28125E+00  0.29688E+00  0.31250E+00  0.32813E+00  0.34375E+00  0.35938E+00  0.37500E+00
  0.39063E+00  0.40625E+00  0.42188E+00  0.43750E+00  0.45313E+00  0.46875E+00  0.48438E+00  0.50000E+00
  0.51563E+00  0.53125E+00  0.54688E+00  0.56250E+00  0.57813E+00  0.59375E+00  0.60938E+00  0.62500E+00
  0.64063E+00  0.65625E+00  0.67188E+00  0.68750E+00  0.70313E+00  0.71875E+00  0.73438E+00  0.75000E+00
  0.76563E+00  0.78125E+00  0.79688E+00  0.81250E+00  0.82813E+00  0.84375E+00  0.85938E+00  0.87500E+00
  0.89063E+00  0.90625E+00  0.92188E+00  0.93750E+00  0.95313E+00  0.96875E+00  0.98438E+00  0.10000E+01
  0.00000E+00  0.00000E+00  0.00000E+00  0.00000E+00  0.00000E+00  0.00000E+00  0.00000E+00  0.00000E+00
  0.00000E+00  0.00000E+00  0.00000E+00  0.00000E+00  0.00000E+00  0.00000E+00  0.00000E+00  0.00000E+00
  0.00000E+00  0.00000E+00  0.00000E+00  0.00000E+00  0.00000E+00  0.00000E+00  0.00000E+00  0.00000E+00
  0.00000E+00  0.00000E+00  0.00000E+00  0.00000E+00  0.00000E+00  0.00000E+00  0.00000E+00  0.00000E+00
  0.00000E+00  0.00000E+00  0.00000E+00  0.00000E+00  0.00000E+00  0.00000E+00  0.00000E+00  0.00000E+00
  0.00000E+00  0.00000E+00  0.00000E+00  0.00000E+00  0.00000E+00  0.00000E+00  0.00000E+00  0.00000E+00
  0.00000E+00  0.00000E+00  0.00000E+00  0.00000E+00  0.00000E+00  0.00000E+00  0.00000E+00  0.00000E+00
  0.00000E+00  0.00000E+00  0.00000E+00  0.00000E+00  0.00000E+00  0.00000E+00  0.00000E+00  0.00000E+00
  0.00000E+00  0.00000E+00
  0.00000E+00 -0.43132E-01 -0.43730E-01 -0.43805E-01 -0.43702E-01 -0.44225E-01 -0.45916E-01 -0.48662E-01
 -0.51793E-01 -0.54508E-01 -0.56323E-01 -0.57266E-01 -0.57751E-01 -0.58228E-01 -0.58866E-01 -0.59466E-01
 -0.59643E-01 -0.59117E-01 -0.57878E-01 -0.56122E-01 -0.54064E-01 -0.51792E-01 -0.49261E-01 -0.46388E-01
 -0.43140E-01 -0.39549E-01 -0.35676E-01 -0.31572E-01 -0.27272E-01 -0.22804E-01 -0.18200E-01 -0.13497E-01
 -0.87329E-02 -0.39416E-02  0.84239E-03  0.55822E-02  0.10238E-01  0.14770E-01  0.19140E-01  0.23310E-01
  0.27246E-01  0.30915E-01  0.34284E-01  0.37326E-01  0.40012E-01  0.42319E-01  0.44228E-01  0.45723E-01
  0.46793E-01  0.47434E-01  0.47646E-01  0.47437E-01  0.46821E-01  0.45822E-01  0.44473E-01  0.42816E-01
  0.40906E-01  0.38812E-01  0.36616E-01  0.34419E-01  0.32344E-01  0.30530E-01  0.29139E-01  0.28322E-01
  0.28165E-01  0.00000E+00
  0.00000E+00 -0.43125E-01 -0.42960E-01 -0.42617E-01 -0.42692E-01 -0.43674E-01 -0.45597E-01 -0.48052E-01
 -0.50449E-01 -0.52335E-01 -0.53581E-01 -0.54371E-01 -0.55005E-01 -0.55674E-01 -0.56326E-01 -0.56720E-01
 -0.56609E-01 -0.55900E-01 -0.54675E-01 -0.53088E-01 -0.51240E-01 -0.49136E-01 -0.46726E-01 -0.43973E-01
 -0.40885E-01 -0.37501E-01 -0.33866E-01 -0.30015E-01 -0.25976E-01 -0.21779E-01 -0.17457E-01 -0.13043E-01
 -0.85693E-02 -0.40680E-02  0.42642E-03  0.48774E-02  0.92477E-02  0.13501E-01  0.17601E-01  0.21515E-01
  0.25211E-01  0.28658E-01  0.31826E-01  0.34689E-01  0.37221E-01  0.39403E-01  0.41216E-01  0.42647E-01
  0.43688E-01  0.44335E-01  0.44590E-01  0.44462E-01  0.43967E-01  0.43128E-01  0.41976E-01  0.40554E-01
  0.38912E-01  0.37114E-01  0.35234E-01  0.33363E-01  0.31603E-01  0.30069E-01  0.28883E-01  0.28164E-01
  0.28008E-01  0.00000E+00
  0.00000E+00 -0.40910E-01 -0.40565E-01 -0.40776E-01 -0.41750E-01 -0.43329E-01 -0.45171E-01 -0.46962E-01
 -0.48536E-01 -0.49870E-01 -0.51015E-01 -0.52026E-01 -0.52913E-01 -0.53619E-01 -0.54046E-01 -0.54105E-01
 -0.53757E-01 -0.53021E-01 -0.51938E-01 -0.50540E-01 -0.48831E-01 -0.46807E-01 -0.44468E-01 -0.41825E-01
 -0.38898E-01 -0.35710E-01 -0.32285E-01 -0.28653E-01 -0.24844E-01 -0.20888E-01 -0.16815E-01 -0.12652E-01
 -0.84300E-02 -0.41822E-02  0.56835E-04  0.42524E-02  0.83708E-02  0.12379E-01  0.16245E-01  0.19938E-01
  0.23425E-01  0.26679E-01  0.29673E-01  0.32380E-01  0.34780E-01  0.36853E-01  0.38583E-01  0.39959E-01
  0.40974E-01  0.41625E-01  0.41915E-01  0.41854E-01  0.41456E-01  0.40745E-01  0.39751E-01  0.38511E-01
  0.37074E-01  0.35496E-01  0.33844E-01  0.32195E-01  0.30636E-01  0.29259E-01  0.28162E-01  0.27442E-01
  0.27193E-01  0.00000E+00
  0.00000E+00 -0.37494E-01 -0.37908E-01 -0.39228E-01 -0.40978E-01 -0.42639E-01 -0.43992E-01 -0.45144E-01
 -0.46318E-01 -0.47630E-01 -0.49002E-01 -0.50236E-01 -0.51148E-01 -0.51657E-01 -0.51795E-01 -0.51645E-01
 -0.51257E-01 -0.50618E-01 -0.49671E-01 -0.48369E-01 -0.46713E-01 -0.44737E-01 -0.42480E-01 -0.39960E-01
 -0.37185E-01 -0.34163E-01 -0.30916E-01 -0.27475E-01 -0.23870E-01 -0.20124E-01 -0.16264E-01 -0.12316E-01
 -0.83131E-02 -0.42882E-02 -0.27391E-03  0.36987E-02  0.75993E-02  0.11397E-01  0.15061E-01  0.18562E-01
  0.21870E-01  0.24958E-01  0.27801E-01  0.30376E-01  0.32663E-01  0.34643E-01  0.36302E-01  0.37630E-01
  0.38621E-01  0.39273E-01  0.39590E-01  0.39580E-01  0.39257E-01  0.38644E-01  0.37768E-01  0.36664E-01
  0.35375E-01  0.33951E-01  0.32451E-01  0.30938E-01  0.29486E-01  0.28169E-01  0.27065E-01  0.26250E-01
  0.25799E-01  0.00000E+00
  0.00000E+00 -0.34651E-01 -0.36176E-01 -0.38244E-01 -0.40050E-01 -0.41288E-01 -0.42174E-01 -0.43133E-01
 -0.44421E-01 -0.45974E-01 -0.47498E-01 -0.48690E-01 -0.49403E-01 -0.49686E-01 -0.49690E-01 -0.49532E-01
 -0.49217E-01 -0.48654E-01 -0.47748E-01 -0.46467E-01 -0.44846E-01 -0.42938E-01 -0.40778E-01 -0.38373E-01
 -0.35724E-01 -0.32842E-01 -0.29750E-01 -0.26477E-01 -0.23045E-01 -0.19476E-01 -0.15796E-01 -0.12034E-01
 -0.82228E-02 -0.43923E-02 -0.57160E-03  0.32109E-02  0.69262E-02  0.10545E-01  0.14037E-01  0.17374E-01
  0.20529E-01  0.23477E-01  0.26193E-01  0.28656E-01  0.30846E-01  0.32747E-01  0.34346E-01  0.35633E-01
  0.36602E-01  0.37252E-01  0.37587E-01  0.37613E-01  0.37345E-01  0.36803E-01  0.36011E-01  0.35001E-01
  0.33810E-01  0.32483E-01  0.31068E-01  0.29621E-01  0.28200E-01  0.26866E-01  0.25678E-01  0.24695E-01
  0.23968E-01  0.00000E+00
  0.00000E+00 -0.33252E-01 -0.35412E-01 -0.37378E-01 -0.38676E-01 -0.39510E-01 -0.40370E-01 -0.41596E-01
 -0.43173E-01 -0.44821E-01 -0.46212E-01 -0.47160E-01 -0.47674E-01 -0.47889E-01 -0.47939E-01 -0.47857E-01
 -0.47579E-01 -0.47008E-01 -0.46084E-01 -0.44818E-01 -0.43253E-01 -0.41427E-01 -0.39356E-01 -0.37044E-01
 -0.34499E-01 -0.31739E-01 -0.28781E-01 -0.25648E-01 -0.22358E-01 -0.18936E-01 -0.15411E-01 -0.11810E-01
 -0.81637E-02 -0.44977E-02 -0.83909E-03  0.27845E-02  0.63446E-02  0.98125E-02  0.13160E-01  0.16361E-01
  0.19388E-01  0.22219E-01  0.24829E-01  0.27199E-01  0.29309E-01  0.31145E-01  0.32693E-01  0.33945E-01
  0.34894E-01  0.35540E-01  0.35884E-01  0.35934E-01  0.35703E-01  0.35207E-01  0.34468E-01  0.33515E-01
  0.32380E-01  0.31100E-01  0.29718E-01  0.28278E-01  0.26828E-01  0.25416E-01  0.24088E-01  0.22884E-01
  0.21839E-01  0.00000E+00
  0.00000E+00 -0.32637E-01 -0.34657E-01 -0.36028E-01 -0.36929E-01 -0.37851E-01 -0.39121E-01 -0.40718E-01
 -0.42382E-01 -0.43839E-01 -0.44941E-01 -0.45691E-01 -0.46173E-01 -0.46471E-01 -0.46610E-01 -0.46553E-01
 -0.46237E-01 -0.45617E-01 -0.44684E-01 -0.43456E-01 -0.41955E-01 -0.40197E-01 -0.38194E-01 -0.35959E-01
 -0.33506E-01 -0.30848E-01 -0.27999E-01 -0.24976E-01 -0.21803E-01 -0.18506E-01 -0.15113E-01 -0.11648E-01
 -0.81372E-02 -0.46054E-02 -0.10792E-02  0.24138E-02  0.58461E-02  0.91904E-02  0.12420E-01  0.15509E-01
  0.18434E-01  0.21170E-01  0.23695E-01  0.25989E-01  0.28036E-01  0.29819E-01  0.31326E-01  0.32548E-01
  0.33480E-01  0.34119E-01  0.34466E-01  0.34529E-01  0.34317E-01  0.33846E-01  0.33134E-01  0.32206E-01
  0.31090E-01  0.29817E-01  0.28422E-01  0.26943E-01  0.25417E-01  0.23882E-01  0.22372E-01  0.20916E-01
  0.19533E-01  0.00000E+00
  0.00000E+00 -0.31421E-01 -0.32970E-01 -0.34030E-01 -0.35159E-01 -0.36651E-01 -0.38411E-01 -0.40146E-01
 -0.41630E-01 -0.42806E-01 -0.43732E-01 -0.44477E-01 -0.45062E-01 -0.45457E-01 -0.45618E-01 -0.45516E-01
 -0.45141E-01 -0.44496E-01 -0.43581E-01 -0.42397E-01 -0.40943E-01 -0.39234E-01 -0.37286E-01 -0.35118E-01
 -0.32739E-01 -0.30160E-01 -0.27393E-01 -0.24458E-01 -0.21382E-01 -0.18190E-01 -0.14904E-01 -0.11547E-01
 -0.81430E-02 -0.47174E-02 -0.12969E-02  0.20920E-02  0.54228E-02  0.86696E-02  0.11807E-01  0.14810E-01
  0.17654E-01  0.20316E-01  0.22776E-01  0.25013E-01  0.27011E-01  0.28753E-01  0.30229E-01  0.31428E-01
  0.32344E-01  0.32975E-01  0.33321E-01  0.33386E-01  0.33181E-01  0.32716E-01  0.32009E-01  0.31080E-01
  0.29952E-01  0.28652E-01  0.27209E-01  0.25653E-01  0.24015E-01  0.22323E-01  0.20603E-01  0.18874E-01
  0.17149E-01  0.00000E+00
  0.00000E+00 -0.28832E-01 -0.30281E-01 -0.31774E-01 -0.33672E-01 -0.35804E-01 -0.37799E-01 -0.39423E-01
 -0.40699E-01 -0.41774E-01 -0.42755E-01 -0.43631E-01 -0.44317E-01 -0.44735E-01 -0.44859E-01 -0.44709E-01
 -0.44312E-01 -0.43676E-01 -0.42786E-01 -0.41628E-01 -0.40204E-01 -0.38533E-01 -0.36632E-01 -0.34515E-01
 -0.32189E-01 -0.29665E-01 -0.26961E-01 -0.24098E-01 -0.21100E-01 -0.17988E-01 -0.14783E-01 -0.11506E-01
 -0.81830E-02 -0.48384E-02 -0.14981E-02  0.18123E-02  0.50676E-02  0.82426E-02  0.11312E-01  0.14252E-01
  0.17038E-01  0.19648E-01  0.22061E-01  0.24258E-01  0.26221E-01  0.27936E-01  0.29390E-01  0.30572E-01
  0.31477E-01  0.32099E-01  0.32440E-01  0.32501E-01  0.32290E-01  0.31817E-01  0.31096E-01  0.30143E-01
  0.28979E-01  0.27625E-01  0.26105E-01  0.24443E-01  0.22664E-01  0.20791E-01  0.18842E-01  0.16830E-01
  0.14763E-01  0.00000E+00
  0.00000E+00 -0.25355E-01 -0.27384E-01 -0.29825E-01 -0.32504E-01 -0.34962E-01 -0.36920E-01 -0.38430E-01
 -0.39716E-01 -0.40943E-01 -0.42109E-01 -0.43103E-01 -0.43816E-01 -0.44209E-01 -0.44308E-01 -0.44157E-01
 -0.43777E-01 -0.43158E-01 -0.42280E-01 -0.41136E-01 -0.39735E-01 -0.38094E-01 -0.36227E-01 -0.34142E-01
 -0.31850E-01 -0.29365E-01 -0.26708E-01 -0.23899E-01 -0.20956E-01 -0.17900E-01 -0.14749E-01 -0.11529E-01
 -0.82619E-02 -0.49737E-02 -0.16885E-02  0.15690E-02  0.47741E-02  0.79018E-02  0.10927E-01  0.13827E-01
  0.16576E-01  0.19154E-01  0.21540E-01  0.23714E-01  0.25658E-01  0.27358E-01  0.28799E-01  0.29972E-01
  0.30869E-01  0.31485E-01  0.31818E-01  0.31870E-01  0.31646E-01  0.31153E-01  0.30402E-01  0.29408E-01
  0.28187E-01  0.26756E-01  0.25136E-01  0.23346E-01  0.21406E-01  0.19333E-01  0.17142E-01  0.14842E-01
  0.12438E-01  0.00000E+00
  0.00000E+00 -0.22205E-01 -0.25196E-01 -0.28473E-01 -0.31500E-01 -0.33934E-01 -0.35823E-01 -0.37432E-01
 -0.38967E-01 -0.40447E-01 -0.41761E-01 -0.42791E-01 -0.43491E-01 -0.43882E-01 -0.44007E-01 -0.43893E-01
 -0.43538E-01 -0.42927E-01 -0.42052E-01 -0.40918E-01 -0.39536E-01 -0.37914E-01 -0.36064E-01 -0.33994E-01
 -0.31722E-01 -0.29264E-01 -0.26638E-01 -0.23861E-01 -0.20950E-01 -0.17924E-01 -0.14806E-01 -0.11618E-01
 -0.83847E-02 -0.51283E-02 -0.18731E-02  0.13565E-02  0.45357E-02  0.76399E-02  0.10645E-01  0.13526E-01
  0.16261E-01  0.18828E-01  0.21204E-01  0.23372E-01  0.25313E-01  0.27010E-01  0.28450E-01  0.29622E-01
  0.30517E-01  0.31129E-01  0.31455E-01  0.31494E-01  0.31250E-01  0.30728E-01  0.29937E-01  0.28888E-01
  0.27593E-01  0.26069E-01  0.24331E-01  0.22395E-01  0.20277E-01  0.17991E-01  0.15549E-01  0.12959E-01
  0.10223E-01  0.00000E+00
  0.00000E+00 -0.20279E-01 -0.24036E-01 -0.27602E-01 -0.30537E-01 -0.32869E-01 -0.34879E-01 -0.36793E-01
 -0.38633E-01 -0.40288E-01 -0.41647E-01 -0.42671E-01 -0.43384E-01 -0.43822E-01 -0.44004E-01 -0.43927E-01
 -0.43585E-01 -0.42976E-01 -0.42105E-01 -0.40980E-01 -0.39606E-01 -0.37989E-01 -0.36140E-01 -0.34076E-01
 -0.31812E-01 -0.29366E-01 -0.26751E-01 -0.23984E-01 -0.21082E-01 -0.18066E-01 -0.14958E-01 -0.11781E-01
 -0.85560E-02 -0.53069E-02 -0.20572E-02  0.11684E-02  0.43456E-02  0.74498E-02  0.10457E-01  0.13343E-01
  0.16085E-01  0.18660E-01  0.21048E-01  0.23226E-01  0.25178E-01  0.26887E-01  0.28338E-01  0.29518E-01
  0.30418E-01  0.31030E-01  0.31350E-01  0.31376E-01  0.31109E-01  0.30551E-01  0.29711E-01  0.28596E-01
  0.27216E-01  0.25585E-01  0.23714E-01  0.21619E-01  0.19311E-01  0.16803E-01  0.14104E-01  0.11222E-01
  0.81584E-02  0.00000E+00
  0.00000E+00 -0.19518E-01 -0.23522E-01 -0.26915E-01 -0.29675E-01 -0.32100E-01 -0.34428E-01 -0.36672E-01
 -0.38702E-01 -0.40406E-01 -0.41761E-01 -0.42807E-01 -0.43579E-01 -0.44086E-01 -0.44316E-01 -0.44260E-01
 -0.43923E-01 -0.43317E-01 -0.42450E-01 -0.41325E-01 -0.39946E-01 -0.38321E-01 -0.36465E-01 -0.34395E-01
 -0.32126E-01 -0.29673E-01 -0.27048E-01 -0.24270E-01 -0.21357E-01 -0.18330E-01 -0.15211E-01 -0.12020E-01
 -0.87807E-02 -0.55149E-02 -0.22472E-02  0.99834E-03  0.41972E-02  0.73252E-02  0.10358E-01  0.13271E-01
  0.16042E-01  0.18646E-01  0.21063E-01  0.23271E-01  0.25251E-01  0.26986E-01  0.28459E-01  0.29659E-01
  0.30572E-01  0.31191E-01  0.31508E-01  0.31521E-01  0.31229E-01  0.30633E-01  0.29738E-01  0.28549E-01
  0.27075E-01  0.25326E-01  0.23312E-01  0.21047E-01  0.18539E-01  0.15801E-01  0.12841E-01  0.96647E-02
  0.62774E-02  0.00000E+00
  0.00000E+00 -0.19168E-01 -0.23044E-01 -0.26242E-01 -0.29087E-01 -0.31849E-01 -0.34534E-01 -0.36985E-01
 -0.39070E-01 -0.40778E-01 -0.42166E-01 -0.43283E-01 -0.44132E-01 -0.44692E-01 -0.44948E-01 -0.44902E-01
 -0.44571E-01 -0.43967E-01 -0.43096E-01 -0.41959E-01 -0.40562E-01 -0.38920E-01 -0.37047E-01 -0.34958E-01
 -0.32667E-01 -0.30186E-01 -0.27533E-01 -0.24725E-01 -0.21781E-01 -0.18723E-01 -0.15570E-01 -0.12343E-01
 -0.90647E-02 -0.57591E-02 -0.24496E-02  0.83969E-03  0.40844E-02  0.72599E-02  0.10342E-01  0.13305E-01
  0.16126E-01  0.18780E-01  0.21246E-01  0.23502E-01  0.25527E-01  0.27303E-01  0.28814E-01  0.30044E-01
  0.30980E-01  0.31613E-01  0.31934E-01  0.31938E-01  0.31622E-01  0.30985E-01  0.30031E-01  0.28764E-01
  0.27189E-01  0.25315E-01  0.23151E-01  0.20706E-01  0.17992E-01  0.15017E-01  0.11790E-01  0.83187E-02
  0.46083E-02  0.00000E+00
  0.00000E+00 -0.18526E-01 -0.22312E-01 -0.25657E-01 -0.28908E-01 -0.32092E-01 -0.35030E-01 -0.37564E-01
 -0.39677E-01 -0.41442E-01 -0.42924E-01 -0.44134E-01 -0.45046E-01 -0.45638E-01 -0.45909E-01 -0.45874E-01
 -0.45547E-01 -0.44938E-01 -0.44050E-01 -0.42890E-01 -0.41469E-01 -0.39799E-01 -0.37896E-01 -0.35770E-01
 -0.33438E-01 -0.30912E-01 -0.28213E-01 -0.25356E-01 -0.22362E-01 -0.19250E-01 -0.16040E-01 -0.12754E-01
 -0.94153E-02 -0.60463E-02 -0.26711E-02  0.68607E-03  0.40006E-02  0.72475E-02  0.10401E-01  0.13437E-01
  0.16331E-01  0.19057E-01  0.21593E-01  0.23916E-01  0.26004E-01  0.27839E-01  0.29402E-01  0.30676E-01
  0.31647E-01  0.32303E-01  0.32634E-01  0.32634E-01  0.32297E-01  0.31622E-01  0.30609E-01  0.29260E-01
  0.27580E-01  0.25576E-01  0.23254E-01  0.20625E-01  0.17697E-01  0.14479E-01  0.10981E-01  0.72111E-02
  0.31762E-02  0.00000E+00
  0.00000E+00 -0.17494E-01 -0.21521E-01 -0.25373E-01 -0.29149E-01 -0.32665E-01 -0.35740E-01 -0.38342E-01
 -0.40551E-01 -0.42450E-01 -0.44057E-01 -0.45352E-01 -0.46310E-01 -0.46928E-01 -0.47216E-01 -0.47190E-01
 -0.46862E-01 -0.46238E-01 -0.45325E-01 -0.44135E-01 -0.42678E-01 -0.40969E-01 -0.39018E-01 -0.36839E-01
 -0.34448E-01 -0.31862E-01 -0.29098E-01 -0.26173E-01 -0.23107E-01 -0.19919E-01 -0.16631E-01 -0.13263E-01
 -0.98400E-02 -0.63839E-02 -0.29188E-02  0.53068E-03  0.39393E-02  0.72815E-02  0.10531E-01  0.13663E-01
  0.16652E-01  0.19472E-01  0.22100E-01  0.24511E-01  0.26682E-01  0.28594E-01  0.30225E-01  0.31557E-01
  0.32576E-01  0.33267E-01  0.33618E-01  0.33621E-01  0.33269E-01  0.32558E-01  0.31487E-01  0.30056E-01
  0.28269E-01  0.26131E-01  0.23648E-01  0.20828E-01  0.17681E-01  0.14215E-01  0.10441E-01  0.63675E-02
  0.20042E-02  0.00000E+00
  0.00000E+00 -0.16527E-01 -0.21100E-01 -0.25562E-01 -0.29750E-01 -0.33460E-01 -0.36644E-01 -0.39385E-01
 -0.41773E-01 -0.43839E-01 -0.45565E-01 -0.46930E-01 -0.47930E-01 -0.48576E-01 -0.48884E-01 -0.48865E-01
 -0.48527E-01 -0.47881E-01 -0.46936E-01 -0.45706E-01 -0.44202E-01 -0.42437E-01 -0.40423E-01 -0.38175E-01
 -0.35710E-01 -0.33045E-01 -0.30197E-01 -0.27183E-01 -0.24024E-01 -0.20739E-01 -0.17350E-01 -0.13878E-01
 -0.10347E-01 -0.67795E-02 -0.32002E-02  0.36595E-03  0.38930E-02  0.73549E-02  0.10725E-01  0.13978E-01
  0.17086E-01  0.20024E-01  0.22765E-01  0.25286E-01  0.27561E-01  0.29568E-01  0.31285E-01  0.32693E-01
  0.33775E-01  0.34513E-01  0.34896E-01  0.34911E-01  0.34551E-01  0.33810E-01  0.32685E-01  0.31174E-01
  0.29280E-01  0.27005E-01  0.24358E-01  0.21343E-01  0.17971E-01  0.14252E-01  0.10195E-01  0.58125E-02
  0.11146E-02  0.00000E+00
  0.00000E+00 -0.16174E-01 -0.21353E-01 -0.26266E-01 -0.30679E-01 -0.34520E-01 -0.37867E-01 -0.40819E-01
 -0.43412E-01 -0.45631E-01 -0.47455E-01 -0.48883E-01 -0.49928E-01 -0.50608E-01 -0.50933E-01 -0.50914E-01
 -0.50560E-01 -0.49884E-01 -0.48899E-01 -0.47617E-01 -0.46052E-01 -0.44216E-01 -0.42123E-01 -0.39790E-01
 -0.37234E-01 -0.34472E-01 -0.31520E-01 -0.28397E-01 -0.25124E-01 -0.21720E-01 -0.18208E-01 -0.14608E-01
 -0.10945E-01 -0.72420E-02 -0.35238E-02  0.18362E-03  0.38541E-02  0.74608E-02  0.10977E-01  0.14375E-01
  0.17627E-01  0.20707E-01  0.23586E-01  0.26239E-01  0.28640E-01  0.30763E-01  0.32587E-01  0.34090E-01
  0.35251E-01  0.36052E-01  0.36480E-01  0.36519E-01  0.36161E-01  0.35397E-01  0.34223E-01  0.32635E-01
  0.30635E-01  0.28225E-01  0.25410E-01  0.22197E-01  0.18596E-01  0.14617E-01  0.10271E-01  0.55711E-02
  0.53001E-03  0.00000E+00
  0.00000E+00 -0.16667E-01 -0.22295E-01 -0.27439E-01 -0.31980E-01 -0.35983E-01 -0.39555E-01 -0.42736E-01
 -0.45508E-01 -0.47849E-01 -0.49757E-01 -0.51248E-01 -0.52342E-01 -0.53051E-01 -0.53387E-01 -0.53359E-01
 -0.52981E-01 -0.52266E-01 -0.51229E-01 -0.49883E-01 -0.48241E-01 -0.46320E-01 -0.44133E-01 -0.41699E-01
 -0.39034E-01 -0.36154E-01 -0.33079E-01 -0.29826E-01 -0.26418E-01 -0.22873E-01 -0.19214E-01 -0.15463E-01
 -0.11644E-01 -0.77808E-02 -0.38991E-02 -0.25024E-04  0.38145E-02  0.75922E-02  0.11280E-01  0.14849E-01
  0.18272E-01  0.21518E-01  0.24561E-01  0.27370E-01  0.29920E-01  0.32184E-01  0.34136E-01  0.35753E-01
  0.37012E-01  0.37895E-01  0.38383E-01  0.38460E-01  0.38115E-01  0.37338E-01  0.36122E-01  0.34463E-01
  0.32360E-01  0.29815E-01  0.26832E-01  0.23419E-01  0.19584E-01  0.15339E-01  0.10696E-01  0.56689E-02
  0.27362E-03  0.00000E+00
  0.00000E+00 -0.17874E-01 -0.23762E-01 -0.29037E-01 -0.33737E-01 -0.37971E-01 -0.41788E-01 -0.45169E-01
 -0.48084E-01 -0.50527E-01 -0.52514E-01 -0.54067E-01 -0.55204E-01 -0.55935E-01 -0.56271E-01 -0.56226E-01
 -0.55813E-01 -0.55047E-01 -0.53944E-01 -0.52520E-01 -0.50788E-01 -0.48766E-01 -0.46469E-01 -0.43916E-01
 -0.41122E-01 -0.38106E-01 -0.34886E-01 -0.31484E-01 -0.27918E-01 -0.24209E-01 -0.20381E-01 -0.16454E-01
 -0.12455E-01 -0.84065E-02 -0.43357E-02 -0.26903E-03  0.37661E-02  0.77414E-02  0.11628E-01  0.15396E-01
  0.19015E-01  0.22455E-01  0.25687E-01  0.28680E-01  0.31404E-01  0.33833E-01  0.35937E-01  0.37691E-01
  0.39070E-01  0.40053E-01  0.40619E-01  0.40751E-01  0.40433E-01  0.39655E-01  0.38407E-01  0.36683E-01
  0.34482E-01  0.31805E-01  0.28655E-01  0.25038E-01  0.20965E-01  0.16447E-01  0.11498E-01  0.61330E-02
  0.37033E-03  0.00000E+00
  0.00000E+00 -0.19533E-01 -0.25611E-01 -0.31069E-01 -0.36020E-01 -0.40527E-01 -0.44573E-01 -0.48120E-01
 -0.51157E-01 -0.53698E-01 -0.55764E-01 -0.57375E-01 -0.58546E-01 -0.59289E-01 -0.59615E-01 -0.59540E-01
 -0.59079E-01 -0.58249E-01 -0.57066E-01 -0.55548E-01 -0.53711E-01 -0.51572E-01 -0.49147E-01 -0.46455E-01
 -0.43513E-01 -0.40341E-01 -0.36957E-01 -0.33383E-01 -0.29637E-01 -0.25742E-01 -0.21719E-01 -0.17593E-01
 -0.13389E-01 -0.91300E-02 -0.48440E-02 -0.55791E-03  0.37000E-02  0.79004E-02  0.12013E-01  0.16007E-01
  0.19852E-01  0.23514E-01  0.26963E-01  0.30167E-01  0.33094E-01  0.35713E-01  0.37995E-01  0.39912E-01
  0.41435E-01  0.42540E-01  0.43205E-01  0.43409E-01  0.43136E-01  0.42370E-01  0.41102E-01  0.39324E-01
  0.37031E-01  0.34225E-01  0.30908E-01  0.27087E-01  0.22771E-01  0.17973E-01  0.12708E-01  0.69928E-02
  0.84726E-03  0.00000E+00
  0.00000E+00 -0.21504E-01 -0.27830E-01 -0.33587E-01 -0.38861E-01 -0.43643E-01 -0.47894E-01 -0.51594E-01
 -0.54754E-01 -0.57396E-01 -0.59539E-01 -0.61202E-01 -0.62398E-01 -0.63141E-01 -0.63445E-01 -0.63326E-01
 -0.62804E-01 -0.61895E-01 -0.60618E-01 -0.58991E-01 -0.57031E-01 -0.54756E-01 -0.52184E-01 -0.49335E-01
 -0.46225E-01 -0.42876E-01 -0.39307E-01 -0.35537E-01 -0.31589E-01 -0.27483E-01 -0.23243E-01 -0.18893E-01
 -0.14458E-01 -0.99627E-02 -0.54347E-02 -0.90182E-03  0.36067E-02  0.80605E-02  0.12428E-01  0.16678E-01
  0.20777E-01  0.24691E-01  0.28388E-01  0.31832E-01  0.34991E-01  0.37830E-01  0.40319E-01  0.42425E-01
  0.44118E-01  0.45371E-01  0.46158E-01  0.46456E-01  0.46245E-01  0.45509E-01  0.44235E-01  0.42413E-01
  0.40038E-01  0.37109E-01  0.33627E-01  0.29600E-01  0.25037E-01  0.19952E-01  0.14360E-01  0.82801E-02
  0.17343E-02  0.00000E+00
  0.00000E+00 -0.23841E-01 -0.30522E-01 -0.36661E-01 -0.42271E-01 -0.47312E-01 -0.51758E-01 -0.55617E-01
 -0.58907E-01 -0.61652E-01 -0.63870E-01 -0.65577E-01 -0.66789E-01 -0.67520E-01 -0.67788E-01 -0.67612E-01
 -0.67013E-01 -0.66010E-01 -0.64622E-01 -0.62868E-01 -0.60767E-01 -0.58338E-01 -0.55600E-01 -0.52572E-01
 -0.49275E-01 -0.45727E-01 -0.41949E-01 -0.37962E-01 -0.33788E-01 -0.29448E-01 -0.24967E-01 -0.20367E-01
 -0.15675E-01 -0.10917E-01 -0.61193E-02 -0.13116E-02  0.34761E-02  0.82126E-02  0.12865E-01  0.17401E-01
  0.21785E-01  0.25983E-01  0.29958E-01  0.33675E-01  0.37097E-01  0.40189E-01  0.42914E-01  0.45240E-01
  0.47132E-01  0.48560E-01  0.49495E-01  0.49911E-01  0.49786E-01  0.49099E-01  0.47835E-01  0.45984E-01
  0.43536E-01  0.40491E-01  0.36849E-01  0.32615E-01  0.27801E-01  0.22420E-01  0.16490E-01  0.10030E-01
  0.30649E-02  0.00000E+00
  0.00000E+00 -0.26704E-01 -0.33813E-01 -0.40348E-01 -0.46275E-01 -0.51560E-01 -0.56206E-01 -0.60231E-01
 -0.63657E-01 -0.66504E-01 -0.68791E-01 -0.70533E-01 -0.71748E-01 -0.72453E-01 -0.72672E-01 -0.72425E-01
 -0.71735E-01 -0.70620E-01 -0.69103E-01 -0.67203E-01 -0.64942E-01 -0.62338E-01 -0.59413E-01 -0.56186E-01
 -0.52679E-01 -0.48910E-01 -0.44901E-01 -0.40674E-01 -0.36250E-01 -0.31652E-01 -0.26903E-01 -0.22029E-01
 -0.17053E-01 -0.12004E-01 -0.69098E-02 -0.17988E-02  0.32974E-02  0.83468E-02  0.13316E-01  0.18169E-01
  0.22871E-01  0.27385E-01  0.31673E-01  0.35696E-01  0.39416E-01  0.42793E-01  0.45789E-01  0.48367E-01
  0.50490E-01  0.52124E-01  0.53237E-01  0.53798E-01  0.53783E-01  0.53168E-01  0.51935E-01  0.50070E-01
  0.47563E-01  0.44410E-01  0.40612E-01  0.36173E-01  0.31104E-01  0.25420E-01  0.19139E-01  0.12282E-01
  0.48763E-02  0.00000E+00
  0.00000E+00 -0.30236E-01 -0.37786E-01 -0.44692E-01 -0.50913E-01 -0.56442E-01 -0.61293E-01 -0.65489E-01
 -0.69049E-01 -0.71994E-01 -0.74339E-01 -0.76104E-01 -0.77308E-01 -0.77975E-01 -0.78130E-01 -0.77796E-01
 -0.76996E-01 -0.75751E-01 -0.74085E-01 -0.72020E-01 -0.69577E-01 -0.66778E-01 -0.63644E-01 -0.60196E-01
 -0.56455E-01 -0.52443E-01 -0.48180E-01 -0.43688E-01 -0.38990E-01 -0.34109E-01 -0.29067E-01 -0.23891E-01
 -0.18606E-01 -0.13239E-01 -0.78187E-02 -0.23752E-02  0.30598E-02  0.84531E-02  0.13770E-01  0.18975E-01
  0.24029E-01  0.28894E-01  0.33530E-01  0.37895E-01  0.41948E-01  0.45647E-01  0.48951E-01  0.51817E-01
  0.54207E-01  0.56081E-01  0.57404E-01  0.58143E-01  0.58266E-01  0.57749E-01  0.56569E-01  0.54709E-01
  0.52157E-01  0.48908E-01  0.44960E-01  0.40318E-01  0.34992E-01  0.28997E-01  0.22352E-01  0.15080E-01
  0.72102E-02  0.00000E+00
  0.00000E+00 -0.34505E-01 -0.42478E-01 -0.49731E-01 -0.56241E-01 -0.62017E-01 -0.67078E-01 -0.71443E-01
 -0.75133E-01 -0.78164E-01 -0.80555E-01 -0.82328E-01 -0.83508E-01 -0.84122E-01 -0.84196E-01 -0.83756E-01
 -0.82826E-01 -0.81430E-01 -0.79594E-01 -0.77341E-01 -0.74695E-01 -0.71677E-01 -0.68312E-01 -0.64619E-01
 -0.60622E-01 -0.56342E-01 -0.51801E-01 -0.47020E-01 -0.42023E-01 -0.36833E-01 -0.31473E-01 -0.25969E-01
 -0.20347E-01 -0.14634E-01 -0.88588E-02 -0.30528E-02  0.27519E-02  0.85214E-02  0.14220E-01  0.19810E-01
  0.25251E-01  0.30504E-01  0.35525E-01  0.40271E-01  0.44697E-01  0.48757E-01  0.52408E-01  0.55602E-01
  0.58297E-01  0.60450E-01  0.62020E-01  0.62970E-01  0.63265E-01  0.62874E-01  0.61773E-01  0.59941E-01
  0.57363E-01  0.54032E-01  0.49943E-01  0.45100E-01  0.39514E-01  0.33200E-01  0.26178E-01  0.18472E-01
  0.10113E-01  0.00000E+00
  0.00000E+00 -0.39531E-01 -0.47912E-01 -0.55508E-01 -0.62313E-01 -0.68343E-01 -0.73615E-01 -0.78146E-01
 -0.81956E-01 -0.85061E-01 -0.87483E-01 -0.89249E-01 -0.90389E-01 -0.90932E-01 -0.90906E-01 -0.90338E-01
 -0.89255E-01 -0.87686E-01 -0.85657E-01 -0.83193E-01 -0.80319E-01 -0.77059E-01 -0.73437E-01 -0.69475E-01
 -0.65197E-01 -0.60625E-01 -0.55780E-01 -0.50686E-01 -0.45364E-01 -0.39839E-01 -0.34135E-01 -0.28276E-01
 -0.22289E-01 -0.16201E-01 -0.10042E-01 -0.38436E-02  0.23625E-02  0.85410E-02  0.14655E-01  0.20666E-01
  0.26532E-01  0.32210E-01  0.37656E-01  0.42823E-01  0.47663E-01  0.52128E-01  0.56168E-01  0.59734E-01
  0.62777E-01  0.65250E-01  0.67108E-01  0.68308E-01  0.68811E-01  0.68581E-01  0.67589E-01  0.65811E-01
  0.63229E-01  0.59830E-01  0.55611E-01  0.50574E-01  0.44727E-01  0.38086E-01  0.30673E-01  0.22513E-01
  0.13638E-01  0.00000E+00
  0.00000E+00 -0.45324E-01 -0.54118E-01 -0.62069E-01 -0.69183E-01 -0.75474E-01 -0.80958E-01 -0.85649E-01
 -0.89566E-01 -0.92730E-01 -0.95168E-01 -0.96911E-01 -0.97993E-01 -0.98443E-01 -0.98294E-01 -0.97574E-01
 -0.96316E-01 -0.94548E-01 -0.92299E-01 -0.89598E-01 -0.86471E-01 -0.82942E-01 -0.79038E-01 -0.74782E-01
 -0.70197E-01 -0.65307E-01 -0.60133E-01 -0.54699E-01 -0.49027E-01 -0.43142E-01 -0.37066E-01 -0.30825E-01
 -0.24445E-01 -0.17954E-01 -0.11382E-01 -0.47592E-02  0.18805E-02  0.85016E-02  0.15066E-01  0.21535E-01
  0.27863E-01  0.34007E-01  0.39920E-01  0.45551E-01  0.50850E-01  0.55765E-01  0.60241E-01  0.64225E-01
  0.67663E-01  0.70503E-01  0.72694E-01  0.74188E-01  0.74939E-01  0.74908E-01  0.74061E-01  0.72367E-01
  0.69805E-01  0.66360E-01  0.62024E-01  0.56799E-01  0.50691E-01  0.43717E-01  0.35898E-01  0.27262E-01
  0.17843E-01  0.00000E+00
  0.00000E+00 -0.51918E-01 -0.61144E-01 -0.69472E-01 -0.76909E-01 -0.83468E-01 -0.89161E-01 -0.94003E-01
 -0.98015E-01 -0.10122E+00 -0.10366E+00 -0.10536E+00 -0.10636E+00 -0.10670E+00 -0.10640E+00 -0.10550E+00
 -0.10404E+00 -0.10204E+00 -0.99548E-01 -0.96582E-01 -0.93173E-01 -0.89348E-01 -0.85134E-01 -0.80556E-01
 -0.75638E-01 -0.70403E-01 -0.64873E-01 -0.59073E-01 -0.53025E-01 -0.46752E-01 -0.40278E-01 -0.33627E-01
 -0.26827E-01 -0.19904E-01 -0.12889E-01 -0.58109E-02  0.12950E-02  0.83929E-02  0.15444E-01  0.22408E-01
  0.29239E-01  0.35890E-01  0.42313E-01  0.48454E-01  0.54259E-01  0.59672E-01  0.64634E-01  0.69087E-01
  0.72972E-01  0.76229E-01  0.78804E-01  0.80640E-01  0.81687E-01  0.81899E-01  0.81235E-01  0.79661E-01
  0.77149E-01  0.73681E-01  0.69245E-01  0.63841E-01  0.57474E-01  0.50160E-01  0.41922E-01  0.32788E-01
  0.22795E-01  0.00000E+00
  0.00000E+00 -0.59370E-01 -0.69054E-01 -0.77780E-01 -0.85553E-01 -0.92383E-01 -0.98281E-01 -0.10326E+00
 -0.10736E+00 -0.11060E+00 -0.11301E+00 -0.11465E+00 -0.11555E+00 -0.11573E+00 -0.11526E+00 -0.11415E+00
 -0.11246E+00 -0.11020E+00 -0.10743E+00 -0.10417E+00 -0.10045E+00 -0.96294E-01 -0.91742E-01 -0.86813E-01
 -0.81532E-01 -0.75925E-01 -0.70013E-01 -0.63820E-01 -0.57368E-01 -0.50681E-01 -0.43781E-01 -0.36695E-01
 -0.29446E-01 -0.22062E-01 -0.14573E-01 -0.70089E-02  0.59581E-03  0.82050E-02  0.15779E-01  0.23276E-01
  0.30650E-01  0.37853E-01  0.44831E-01  0.51530E-01  0.57891E-01  0.63854E-01  0.69357E-01  0.74334E-01
  0.78721E-01  0.82453E-01  0.85466E-01  0.87700E-01  0.89095E-01  0.89599E-01  0.89164E-01  0.87750E-01
  0.85323E-01  0.81859E-01  0.77344E-01  0.71774E-01  0.65152E-01  0.57494E-01  0.48822E-01  0.39167E-01
  0.28567E-01  0.00000E+00
  0.00000E+00 -0.67753E-01 -0.77921E-01 -0.87064E-01 -0.95183E-01 -0.10228E+00 -0.10838E+00 -0.11349E+00
 -0.11766E+00 -0.12091E+00 -0.12328E+00 -0.12483E+00 -0.12559E+00 -0.12560E+00 -0.12491E+00 -0.12356E+00
 -0.12160E+00 -0.11905E+00 -0.11597E+00 -0.11237E+00 -0.10831E+00 -0.10380E+00 -0.98874E-01 -0.93564E-01
 -0.87892E-01 -0.81883E-01 -0.75560E-01 -0.68947E-01 -0.62064E-01 -0.54936E-01 -0.47585E-01 -0.40034E-01
 -0.32309E-01 -0.24436E-01 -0.16443E-01 -0.83624E-02 -0.22607E-03  0.79290E-02  0.16063E-01  0.24133E-01
  0.32092E-01  0.39889E-01  0.47470E-01  0.54777E-01  0.61748E-01  0.68317E-01  0.74417E-01  0.79978E-01
  0.84929E-01  0.89197E-01  0.92711E-01  0.95403E-01  0.97206E-01  0.98058E-01  0.97904E-01  0.96696E-01
  0.94394E-01  0.90969E-01  0.86400E-01  0.80679E-01  0.73809E-01  0.65802E-01  0.56683E-01  0.46482E-01
  0.35241E-01  0.00000E+00
  0.00000E+00 -0.77145E-01 -0.87824E-01 -0.97401E-01 -0.10587E+00 -0.11325E+00 -0.11953E+00 -0.12477E+00
 -0.12898E+00 -0.13222E+00 -0.13453E+00 -0.13595E+00 -0.13654E+00 -0.13634E+00 -0.13540E+00 -0.13377E+00
 -0.13150E+00 -0.12862E+00 -0.12518E+00 -0.12122E+00 -0.11677E+00 -0.11187E+00 -0.10654E+00 -0.10082E+00
 -0.94724E-01 -0.88284E-01 -0.81522E-01 -0.74460E-01 -0.67120E-01 -0.59523E-01 -0.51693E-01 -0.43652E-01
 -0.35423E-01 -0.27032E-01 -0.18507E-01 -0.98784E-02 -0.11782E-02  0.75571E-02  0.16288E-01  0.24970E-01
  0.33557E-01  0.41995E-01  0.50228E-01  0.58195E-01  0.65831E-01  0.73065E-01  0.79825E-01  0.86034E-01
  0.91615E-01  0.96486E-01  0.10057E+00  0.10379E+00  0.10606E+00  0.10733E+00  0.10752E+00  0.10657E+00
  0.10444E+00  0.10109E+00  0.96498E-01  0.90647E-01  0.83537E-01  0.75181E-01  0.65600E-01  0.54829E-01
  0.42910E-01  0.00000E+00
  0.00000E+00 -0.87630E-01 -0.98847E-01 -0.10887E+00 -0.11770E+00 -0.12534E+00 -0.13182E+00 -0.13715E+00
 -0.14140E+00 -0.14460E+00 -0.14681E+00 -0.14807E+00 -0.14844E+00 -0.14799E+00 -0.14676E+00 -0.14481E+00
 -0.14218E+00 -0.13893E+00 -0.13510E+00 -0.13073E+00 -0.12586E+00 -0.12053E+00 -0.11476E+00 -0.10858E+00
 -0.10203E+00 -0.95131E-01 -0.87899E-01 -0.80359E-01 -0.72534E-01 -0.64443E-01 -0.56107E-01 -0.47549E-01
 -0.38789E-01 -0.29854E-01 -0.20769E-01 -0.11562E-01 -0.22662E-02  0.70834E-02  0.16447E-01  0.25782E-01
  0.35039E-01  0.44164E-01  0.53100E-01  0.61782E-01  0.70141E-01  0.78102E-01  0.85588E-01  0.92515E-01
  0.98798E-01  0.10435E+00  0.10908E+00  0.11290E+00  0.11572E+00  0.11747E+00  0.11806E+00  0.11744E+00
  0.11554E+00  0.11231E+00  0.10773E+00  0.10178E+00  0.94442E-01  0.85736E-01  0.75682E-01  0.64314E-01
  0.51678E-01  0.00000E+00
  0.00000E+00 -0.99298E-01 -0.11108E+00 -0.12157E+00 -0.13076E+00 -0.13867E+00 -0.14532E+00 -0.15074E+00
 -0.15500E+00 -0.15812E+00 -0.16019E+00 -0.16125E+00 -0.16137E+00 -0.16061E+00 -0.15904E+00 -0.15671E+00
 -0.15368E+00 -0.15000E+00 -0.14573E+00 -0.14091E+00 -0.13557E+00 -0.12976E+00 -0.12351E+00 -0.11686E+00
 -0.10982E+00 -0.10242E+00 -0.94687E-01 -0.86642E-01 -0.78304E-01 -0.69691E-01 -0.60824E-01 -0.51723E-01
 -0.42408E-01 -0.32901E-01 -0.23228E-01 -0.13415E-01 -0.34928E-02  0.65041E-02  0.16537E-01  0.26563E-01
  0.36533E-01  0.46393E-01  0.56083E-01  0.65535E-01  0.74678E-01  0.83433E-01  0.91715E-01  0.99434E-01
  0.10650E+00  0.11281E+00  0.11826E+00  0.12277E+00  0.12623E+00  0.12854E+00  0.12962E+00  0.12939E+00
  0.12778E+00  0.12474E+00  0.12021E+00  0.11418E+00  0.10664E+00  0.97587E-01  0.87047E-01  0.75055E-01
  0.61660E-01  0.00000E+00
  0.00000E+00 -0.11224E+00 -0.12461E+00 -0.13559E+00 -0.14515E+00 -0.15333E+00 -0.16014E+00 -0.16563E+00
 -0.16985E+00 -0.17287E+00 -0.17474E+00 -0.17555E+00 -0.17536E+00 -0.17424E+00 -0.17226E+00 -0.16950E+00
 -0.16601E+00 -0.16186E+00 -0.15709E+00 -0.15176E+00 -0.14591E+00 -0.13959E+00 -0.13282E+00 -0.12563E+00
 -0.11807E+00 -0.11014E+00 -0.10188E+00 -0.93297E-01 -0.84418E-01 -0.75259E-01 -0.65836E-01 -0.56167E-01
 -0.46271E-01 -0.36169E-01 -0.25882E-01 -0.15435E-01 -0.48579E-02  0.58180E-02  0.16555E-01  0.27311E-01
  0.38037E-01  0.48679E-01  0.59174E-01  0.69455E-01  0.79445E-01  0.89062E-01  0.98214E-01  0.10681E+00
  0.11473E+00  0.12189E+00  0.12817E+00  0.13345E+00  0.13764E+00  0.14061E+00  0.14226E+00  0.14251E+00
  0.14127E+00  0.13847E+00  0.13405E+00  0.12799E+00  0.12026E+00  0.11087E+00  0.99830E-01  0.87186E-01
  0.72987E-01  0.00000E+00
  0.00000E+00 -0.12656E+00 -0.13956E+00 -0.15104E+00 -0.16099E+00 -0.16942E+00 -0.17638E+00 -0.18191E+00
 -0.18606E+00 -0.18892E+00 -0.19055E+00 -0.19104E+00 -0.19047E+00 -0.18892E+00 -0.18648E+00 -0.18322E+00
 -0.17921E+00 -0.17451E+00 -0.16919E+00 -0.16329E+00 -0.15688E+00 -0.14998E+00 -0.14265E+00 -0.13490E+00
 -0.12677E+00 -0.11828E+00 -0.10945E+00 -0.10031E+00 -0.90862E-01 -0.81129E-01 -0.71126E-01 -0.60868E-01
 -0.50369E-01 -0.39647E-01 -0.28723E-01 -0.17618E-01 -0.63576E-02  0.50272E-02  0.16501E-01  0.28024E-01
  0.39547E-01  0.51017E-01  0.62371E-01  0.73539E-01  0.84441E-01  0.94991E-01  0.10509E+00  0.11464E+00
  0.12353E+00  0.13163E+00  0.13883E+00  0.14500E+00  0.15001E+00  0.15374E+00  0.15607E+00  0.15690E+00
  0.15611E+00  0.15363E+00  0.14938E+00  0.14333E+00  0.13545E+00  0.12573E+00  0.11418E+00  0.10086E+00
  0.85805E-01  0.00000E+00
  0.00000E+00 -0.14237E+00 -0.15604E+00 -0.16805E+00 -0.17839E+00 -0.18708E+00 -0.19416E+00 -0.19969E+00
 -0.20373E+00 -0.20636E+00 -0.20768E+00 -0.20779E+00 -0.20676E+00 -0.20471E+00 -0.20173E+00 -0.19789E+00
 -0.19327E+00 -0.18796E+00 -0.18202E+00 -0.17550E+00 -0.16846E+00 -0.16094E+00 -0.15299E+00 -0.14463E+00
 -0.13590E+00 -0.12681E+00 -0.11739E+00 -0.10765E+00 -0.97608E-01 -0.87280E-01 -0.76674E-01 -0.65804E-01
 -0.54682E-01 -0.43321E-01 -0.31738E-01 -0.19951E-01 -0.79838E-02  0.41372E-02  0.16379E-01  0.28704E-01
  0.41064E-01  0.53408E-01  0.65672E-01  0.77785E-01  0.89667E-01  0.10122E+00  0.11236E+00  0.12295E+00
  0.13289E+00  0.14205E+00  0.15028E+00  0.15744E+00  0.16341E+00  0.16802E+00  0.17114E+00  0.17265E+00
  0.17242E+00  0.17035E+00  0.16635E+00  0.16037E+00  0.15237E+00  0.14234E+00  0.13028E+00  0.11624E+00
  0.10028E+00  0.00000E+00
  0.00000E+00 -0.15981E+00 -0.17419E+00 -0.18676E+00 -0.19751E+00 -0.20644E+00 -0.21362E+00 -0.21910E+00
 -0.22296E+00 -0.22530E+00 -0.22623E+00 -0.22586E+00 -0.22430E+00 -0.22165E+00 -0.21803E+00 -0.21352E+00
 -0.20822E+00 -0.20221E+00 -0.19557E+00 -0.18836E+00 -0.18063E+00 -0.17243E+00 -0.16381E+00 -0.15480E+00
 -0.14542E+00 -0.13569E+00 -0.12564E+00 -0.11528E+00 -0.10463E+00 -0.93678E-01 -0.82450E-01 -0.70950E-01
 -0.59186E-01 -0.47168E-01 -0.34907E-01 -0.22420E-01 -0.97239E-02  0.31574E-02  0.16195E-01  0.29353E-01
  0.42589E-01  0.55851E-01  0.69076E-01  0.82194E-01  0.95121E-01  0.10776E+00  0.12001E+00  0.13175E+00
  0.14285E+00  0.15317E+00  0.16255E+00  0.17085E+00  0.17789E+00  0.18352E+00  0.18757E+00  0.18989E+00
  0.19033E+00  0.18878E+00  0.18513E+00  0.17929E+00  0.17121E+00  0.16089E+00  0.14831E+00  0.13353E+00
  0.11660E+00  0.00000E+00
  0.00000E+00 -0.17901E+00 -0.19417E+00 -0.20733E+00 -0.21849E+00 -0.22766E+00 -0.23490E+00 -0.24027E+00
 -0.24388E+00 -0.24585E+00 -0.24629E+00 -0.24534E+00 -0.24313E+00 -0.23978E+00 -0.23541E+00 -0.23013E+00
 -0.22405E+00 -0.21726E+00 -0.20983E+00 -0.20185E+00 -0.19336E+00 -0.18442E+00 -0.17507E+00 -0.16535E+00
 -0.15528E+00 -0.14489E+00 -0.13418E+00 -0.12317E+00 -0.11187E+00 -0.10028E+00 -0.88414E-01 -0.76268E-01
 -0.63847E-01 -0.51158E-01 -0.38206E-01 -0.25002E-01 -0.11560E-01  0.21020E-02  0.15959E-01  0.29981E-01
  0.44126E-01  0.58346E-01  0.72582E-01  0.86762E-01  0.10080E+00  0.11461E+00  0.12806E+00  0.14105E+00
  0.15342E+00  0.16502E+00  0.17569E+00  0.18526E+00  0.19353E+00  0.20032E+00  0.20545E+00  0.20873E+00
  0.21000E+00  0.20909E+00  0.20588E+00  0.20027E+00  0.19219E+00  0.18160E+00  0.16850E+00  0.15294E+00
  0.13498E+00  0.00000E+00
  0.00000E+00 -0.20015E+00 -0.21615E+00 -0.22995E+00 -0.24153E+00 -0.25092E+00 -0.25816E+00 -0.26336E+00
 -0.26664E+00 -0.26812E+00 -0.26796E+00 -0.26631E+00 -0.26331E+00 -0.25913E+00 -0.25389E+00 -0.24773E+00
 -0.24075E+00 -0.23307E+00 -0.22476E+00 -0.21592E+00 -0.20660E+00 -0.19685E+00 -0.18672E+00 -0.17624E+00
 -0.16544E+00 -0.15433E+00 -0.14293E+00 -0.13125E+00 -0.11929E+00 -0.10704E+00 -0.94519E-01 -0.81714E-01
 -0.68627E-01 -0.55255E-01 -0.41602E-01 -0.27671E-01 -0.13469E-01  0.98941E-03  0.15686E-01  0.30595E-01
  0.45680E-01  0.60898E-01  0.76190E-01  0.91488E-01  0.10671E+00  0.12175E+00  0.13651E+00  0.15084E+00
  0.16460E+00  0.17762E+00  0.18973E+00  0.20072E+00  0.21039E+00  0.21852E+00  0.22490E+00  0.22932E+00
  0.23157E+00  0.23145E+00  0.22883E+00  0.22355E+00  0.21553E+00  0.20472E+00  0.19111E+00  0.17473E+00
  0.15566E+00  0.00000E+00
  0.00000E+00 -0.22343E+00 -0.24036E+00 -0.25484E+00 -0.26685E+00 -0.27642E+00 -0.28361E+00 -0.28855E+00
 -0.29137E+00 -0.29224E+00 -0.29133E+00 -0.28882E+00 -0.28490E+00 -0.27974E+00 -0.27348E+00 -0.26630E+00
 -0.25830E+00 -0.24961E+00 -0.24032E+00 -0.23053E+00 -0.22028E+00 -0.20966E+00 -0.19868E+00 -0.18739E+00
 -0.17581E+00 -0.16396E+00 -0.15184E+00 -0.13946E+00 -0.12681E+00 -0.11390E+00 -0.10071E+00 -0.87236E-01
 -0.73474E-01 -0.59416E-01 -0.45056E-01 -0.30391E-01 -0.15423E-01 -0.15721E-03  0.15393E-01  0.31209E-01
  0.47260E-01  0.63507E-01  0.79898E-01  0.96368E-01  0.11283E+00  0.12920E+00  0.14534E+00  0.16113E+00
  0.17641E+00  0.19100E+00  0.20469E+00  0.21728E+00  0.22854E+00  0.23821E+00  0.24604E+00  0.25179E+00
  0.25521E+00  0.25608E+00  0.25419E+00  0.24938E+00  0.24152E+00  0.23054E+00  0.21642E+00  0.19919E+00
  0.17892E+00  0.00000E+00
  0.00000E+00 -0.24907E+00 -0.26703E+00 -0.28224E+00 -0.29469E+00 -0.30440E+00 -0.31146E+00 -0.31602E+00
 -0.31825E+00 -0.31834E+00 -0.31651E+00 -0.31297E+00 -0.30794E+00 -0.30162E+00 -0.29418E+00 -0.28581E+00
 -0.27665E+00 -0.26682E+00 -0.25644E+00 -0.24559E+00 -0.23434E+00 -0.22275E+00 -0.21087E+00 -0.19872E+00
 -0.18632E+00 -0.17368E+00 -0.16082E+00 -0.14771E+00 -0.13437E+00 -0.12077E+00 -0.10691E+00 -0.92769E-01
 -0.78333E-01 -0.63588E-01 -0.48522E-01 -0.33124E-01 -0.17387E-01 -0.13104E-02  0.15102E-01  0.31837E-01
  0.48873E-01  0.66178E-01  0.83705E-01  0.10139E+00  0.11917E+00  0.13693E+00  0.15456E+00  0.17192E+00
  0.18885E+00  0.20515E+00  0.22061E+00  0.23499E+00  0.24803E+00  0.25946E+00  0.26898E+00  0.27631E+00
  0.28113E+00  0.28319E+00  0.28224E+00  0.27805E+00  0.27047E+00  0.25939E+00  0.24478E+00  0.22665E+00
  0.20509E+00  0.00000E+00
  0.00000E+00 -0.27736E+00 -0.29646E+00 -0.31246E+00 -0.32535E+00 -0.33515E+00 -0.34198E+00 -0.34601E+00
 -0.34746E+00 -0.34658E+00 -0.34361E+00 -0.33882E+00 -0.33247E+00 -0.32478E+00 -0.31597E+00 -0.30624E+00
 -0.29575E+00 -0.28464E+00 -0.27303E+00 -0.26101E+00 -0.24866E+00 -0.23604E+00 -0.22318E+00 -0.21011E+00
 -0.19685E+00 -0.18340E+00 -0.16976E+00 -0.15592E+00 -0.14187E+00 -0.12759E+00 -0.11305E+00 -0.98244E-01
 -0.83139E-01 -0.67714E-01 -0.51949E-01 -0.35824E-01 -0.19324E-01 -0.24392E-02  0.14835E-01  0.32496E-01
  0.50530E-01  0.68913E-01  0.87608E-01  0.10656E+00  0.12570E+00  0.14493E+00  0.16414E+00  0.18319E+00
  0.20190E+00  0.22008E+00  0.23749E+00  0.25387E+00  0.26894E+00  0.28238E+00  0.29386E+00  0.30302E+00
  0.30953E+00  0.31304E+00  0.31325E+00  0.30989E+00  0.30274E+00  0.29166E+00  0.27657E+00  0.25750E+00
  0.23454E+00  0.00000E+00
  0.00000E+00 -0.30861E+00 -0.32899E+00 -0.34586E+00 -0.35918E+00 -0.36899E+00 -0.37545E+00 -0.37877E+00
 -0.37922E+00 -0.37711E+00 -0.37274E+00 -0.36644E+00 -0.35850E+00 -0.34921E+00 -0.33880E+00 -0.32750E+00
 -0.31550E+00 -0.30295E+00 -0.28997E+00 -0.27667E+00 -0.26313E+00 -0.24938E+00 -0.23549E+00 -0.22145E+00
 -0.20729E+00 -0.19300E+00 -0.17857E+00 -0.16398E+00 -0.14922E+00 -0.13425E+00 -0.11905E+00 -0.10358E+00
 -0.87819E-01 -0.71727E-01 -0.55278E-01 -0.38441E-01 -0.21192E-01 -0.35098E-02  0.14619E-01  0.33203E-01
  0.52239E-01  0.71713E-01  0.91598E-01  0.11185E+00  0.13241E+00  0.15318E+00  0.17406E+00  0.19491E+00
  0.21554E+00  0.23577E+00  0.25533E+00  0.27395E+00  0.29131E+00  0.30705E+00  0.32078E+00  0.33211E+00
  0.34063E+00  0.34591E+00  0.34757E+00  0.34528E+00  0.33876E+00  0.32779E+00  0.31228E+00  0.29222E+00
  0.26772E+00  0.00000E+00
  0.00000E+00 -0.34322E+00 -0.36506E+00 -0.38288E+00 -0.39660E+00 -0.40632E+00 -0.41223E+00 -0.41459E+00
 -0.41376E+00 -0.41010E+00 -0.40402E+00 -0.39589E+00 -0.38606E+00 -0.37487E+00 -0.36260E+00 -0.34951E+00
 -0.33580E+00 -0.32163E+00 -0.30714E+00 -0.29244E+00 -0.27759E+00 -0.26265E+00 -0.24765E+00 -0.23260E+00
 -0.21750E+00 -0.20235E+00 -0.18711E+00 -0.17178E+00 -0.15630E+00 -0.14066E+00 -0.12480E+00 -0.10870E+00
 -0.92295E-01 -0.75559E-01 -0.58448E-01 -0.40922E-01 -0.22945E-01 -0.44869E-02  0.14480E-01  0.33974E-01
  0.54006E-01  0.74575E-01  0.95664E-01  0.11724E+00  0.13926E+00  0.16164E+00  0.18428E+00  0.20704E+00
  0.22975E+00  0.25219E+00  0.27412E+00  0.29523E+00  0.31516E+00  0.33353E+00  0.34988E+00  0.36376E+00
  0.37466E+00  0.38209E+00  0.38557E+00  0.38467E+00  0.37901E+00  0.36832E+00  0.35245E+00  0.33136E+00
  0.30515E+00  0.00000E+00
  0.00000E+00 -0.38167E+00 -0.40519E+00 -0.42403E+00 -0.43813E+00 -0.44761E+00 -0.45271E+00 -0.45380E+00
 -0.45132E+00 -0.44573E+00 -0.43754E+00 -0.42719E+00 -0.41511E+00 -0.40170E+00 -0.38728E+00 -0.37213E+00
 -0.35648E+00 -0.34051E+00 -0.32435E+00 -0.30812E+00 -0.29187E+00 -0.27566E+00 -0.25949E+00 -0.24339E+00
 -0.22733E+00 -0.21130E+00 -0.19526E+00 -0.17918E+00 -0.16301E+00 -0.14670E+00 -0.13022E+00 -0.11349E+00
 -0.96485E-01 -0.79136E-01 -0.61395E-01 -0.43213E-01 -0.24541E-01 -0.53358E-02  0.14442E-01  0.34824E-01
  0.55836E-01  0.77490E-01  0.99787E-01  0.12271E+00  0.14622E+00  0.17026E+00  0.19473E+00  0.21951E+00
  0.24444E+00  0.26930E+00  0.29382E+00  0.31769E+00  0.34052E+00  0.36188E+00  0.38126E+00  0.39812E+00
  0.41188E+00  0.42193E+00  0.42767E+00  0.42855E+00  0.42408E+00  0.41389E+00  0.39774E+00  0.37556E+00
  0.34746E+00  0.00000E+00
  0.00000E+00 -0.42457E+00 -0.45002E+00 -0.46999E+00 -0.48440E+00 -0.49341E+00 -0.49738E+00 -0.49678E+00
 -0.49217E+00 -0.48418E+00 -0.47338E+00 -0.46035E+00 -0.44560E+00 -0.42959E+00 -0.41268E+00 -0.39519E+00
 -0.37736E+00 -0.35939E+00 -0.34141E+00 -0.32352E+00 -0.30577E+00 -0.28821E+00 -0.27084E+00 -0.25365E+00
 -0.23662E+00 -0.21970E+00 -0.20287E+00 -0.18605E+00 -0.16921E+00 -0.15227E+00 -0.13519E+00 -0.11789E+00
 -0.10031E+00 -0.82384E-01 -0.64056E-01 -0.45260E-01 -0.25935E-01 -0.60244E-02  0.14525E-01  0.35761E-01
  0.57724E-01  0.80442E-01  0.10394E+00  0.12820E+00  0.15323E+00  0.17897E+00  0.20535E+00  0.23225E+00
  0.25954E+00  0.28699E+00  0.31434E+00  0.34126E+00  0.36735E+00  0.39212E+00  0.41500E+00  0.43538E+00
  0.45255E+00  0.46579E+00  0.47435E+00  0.47751E+00  0.47465E+00  0.46524E+00  0.44895E+00  0.42564E+00
  0.39542E+00  0.00000E+00
  0.00000E+00 -0.47266E+00 -0.50038E+00 -0.52156E+00 -0.53616E+00 -0.54441E+00 -0.54679E+00 -0.54395E+00
 -0.53663E+00 -0.52559E+00 -0.51160E+00 -0.49534E+00 -0.47742E+00 -0.45836E+00 -0.43859E+00 -0.41844E+00
 -0.39819E+00 -0.37801E+00 -0.35805E+00 -0.33838E+00 -0.31906E+00 -0.30010E+00 -0.28148E+00 -0.26319E+00
 -0.24518E+00 -0.22739E+00 -0.20978E+00 -0.19226E+00 -0.17477E+00 -0.15725E+00 -0.13961E+00 -0.12177E+00
 -0.10367E+00 -0.85232E-01 -0.66370E-01 -0.47013E-01 -0.27089E-01 -0.65259E-02  0.14745E-01  0.36787E-01
  0.59657E-01  0.83405E-01  0.10807E+00  0.13367E+00  0.16021E+00  0.18768E+00  0.21602E+00  0.24514E+00
  0.27491E+00  0.30514E+00  0.33557E+00  0.36586E+00  0.39558E+00  0.42422E+00  0.45116E+00  0.47566E+00
  0.49692E+00  0.51405E+00  0.52613E+00  0.53223E+00  0.53152E+00  0.52330E+00  0.50707E+00  0.48260E+00
  0.44997E+00  0.00000E+00
  0.00000E+00 -0.52692E+00 -0.55730E+00 -0.57980E+00 -0.59438E+00 -0.60143E+00 -0.60160E+00 -0.59579E+00
 -0.58497E+00 -0.57013E+00 -0.55221E+00 -0.53205E+00 -0.51038E+00 -0.48778E+00 -0.46474E+00 -0.44161E+00
 -0.41866E+00 -0.39608E+00 -0.37399E+00 -0.35244E+00 -0.33147E+00 -0.31106E+00 -0.29119E+00 -0.27180E+00
 -0.25282E+00 -0.23419E+00 -0.21583E+00 -0.19766E+00 -0.17958E+00 -0.16152E+00 -0.14338E+00 -0.12507E+00
 -0.10651E+00 -0.87613E-01 -0.68282E-01 -0.48430E-01 -0.27973E-01 -0.68218E-02  0.15106E-01  0.37892E-01
  0.61612E-01  0.86336E-01  0.11212E+00  0.13903E+00  0.16707E+00  0.19627E+00  0.22661E+00  0.25802E+00
  0.29039E+00  0.32358E+00  0.35732E+00  0.39130E+00  0.42508E+00  0.45811E+00  0.48972E+00  0.51907E+00
  0.54523E+00  0.56712E+00  0.58360E+00  0.59349E+00  0.59567E+00  0.58918E+00  0.57330E+00  0.54765E+00
  0.51228E+00  0.00000E+00
  0.00000E+00 -0.58860E+00 -0.62213E+00 -0.64601E+00 -0.66026E+00 -0.66546E+00 -0.66258E+00 -0.65282E+00
 -0.63749E+00 -0.61787E+00 -0.59513E+00 -0.57029E+00 -0.54420E+00 -0.51752E+00 -0.49076E+00 -0.46431E+00
 -0.43841E+00 -0.41324E+00 -0.38889E+00 -0.36538E+00 -0.34272E+00 -0.32085E+00 -0.29972E+00 -0.27925E+00
 -0.25935E+00 -0.23993E+00 -0.22088E+00 -0.20210E+00 -0.18350E+00 -0.16497E+00 -0.14640E+00 -0.12770E+00
 -0.10875E+00 -0.89472E-01 -0.69747E-01 -0.49479E-01 -0.28565E-01 -0.69056E-02  0.15601E-01  0.39053E-01
  0.63548E-01  0.89178E-01  0.11603E+00  0.14418E+00  0.17369E+00  0.20460E+00  0.23694E+00  0.27068E+00
  0.30576E+00  0.34205E+00  0.37935E+00  0.41734E+00  0.45562E+00  0.49361E+00  0.53058E+00  0.56563E+00
  0.59765E+00  0.62538E+00  0.64739E+00  0.66217E+00  0.66825E+00  0.66426E+00  0.64917E+00  0.62237E+00
  0.58383E+00  0.00000E+00
  0.00000E+00 -0.65935E+00 -0.69664E+00 -0.72191E+00 -0.73531E+00 -0.73774E+00 -0.73060E+00 -0.71558E+00
 -0.69444E+00 -0.66882E+00 -0.64019E+00 -0.60975E+00 -0.57848E+00 -0.54712E+00 -0.51620E+00 -0.48608E+00
 -0.45700E+00 -0.42908E+00 -0.40236E+00 -0.37685E+00 -0.35248E+00 -0.32917E+00 -0.30682E+00 -0.28533E+00
 -0.26457E+00 -0.24442E+00 -0.22476E+00 -0.20547E+00 -0.18643E+00 -0.16751E+00 -0.14860E+00 -0.12958E+00
 -0.11034E+00 -0.90763E-01 -0.70734E-01 -0.50139E-01 -0.28861E-01 -0.67853E-02  0.16206E-01  0.40232E-01
  0.65408E-01  0.91852E-01  0.11968E+00  0.14900E+00  0.17990E+00  0.21248E+00  0.24680E+00  0.28289E+00
  0.32073E+00  0.36025E+00  0.40131E+00  0.44364E+00  0.48685E+00  0.53040E+00  0.57353E+00  0.61524E+00
  0.65430E+00  0.68919E+00  0.71817E+00  0.73932E+00  0.75063E+00  0.75024E+00  0.73661E+00  0.70878E+00
  0.66654E+00  0.00000E+00
  0.00000E+00 -0.74139E+00 -0.78320E+00 -0.80975E+00 -0.82145E+00 -0.81972E+00 -0.80665E+00 -0.78461E+00
 -0.75597E+00 -0.72283E+00 -0.68701E+00 -0.64993E+00 -0.61267E+00 -0.57600E+00 -0.54046E+00 -0.50636E+00
 -0.47389E+00 -0.44311E+00 -0.41399E+00 -0.38646E+00 -0.36042E+00 -0.33572E+00 -0.31224E+00 -0.28981E+00
 -0.26828E+00 -0.24751E+00 -0.22734E+00 -0.20764E+00 -0.18825E+00 -0.16905E+00 -0.14989E+00 -0.13066E+00
 -0.11123E+00 -0.91459E-01 -0.71228E-01 -0.50409E-01 -0.28872E-01 -0.64871E-02  0.16881E-01  0.41368E-01
  0.67113E-01  0.94260E-01  0.12295E+00  0.15333E+00  0.18553E+00  0.21969E+00  0.25592E+00  0.29432E+00
  0.33493E+00  0.37777E+00  0.42275E+00  0.46971E+00  0.51830E+00  0.56803E+00  0.61816E+00  0.66764E+00
  0.71510E+00  0.75880E+00  0.79660E+00  0.82604E+00  0.84448E+00  0.84927E+00  0.83813E+00  0.80952E+00
  0.76295E+00  0.00000E+00
  0.00000E+00 -0.83779E+00 -0.88504E+00 -0.91253E+00 -0.92113E+00 -0.91318E+00 -0.89180E+00 -0.86037E+00
 -0.82204E+00 -0.77953E+00 -0.73501E+00 -0.69010E+00 -0.64596E+00 -0.60338E+00 -0.56280E+00 -0.52448E+00
 -0.48849E+00 -0.45479E+00 -0.42328E+00 -0.39381E+00 -0.36619E+00 -0.34022E+00 -0.31572E+00 -0.29248E+00
 -0.27032E+00 -0.24905E+00 -0.22850E+00 -0.20850E+00 -0.18889E+00 -0.16952E+00 -0.15025E+00 -0.13092E+00
 -0.11140E+00 -0.91553E-01 -0.71235E-01 -0.50309E-01 -0.28631E-01 -0.60575E-02  0.17562E-01  0.42382E-01
  0.68564E-01  0.96275E-01  0.12569E+00  0.15698E+00  0.19034E+00  0.22595E+00  0.26398E+00  0.30460E+00
  0.34794E+00  0.39410E+00  0.44312E+00  0.49491E+00  0.54928E+00  0.60581E+00  0.66383E+00  0.72231E+00
  0.77978E+00  0.83427E+00  0.88324E+00  0.92358E+00  0.95174E+00  0.96402E+00  0.95700E+00  0.92815E+00
  0.87647E+00  0.00000E+00
  0.00000E+00 -0.95287E+00 -0.10067E+01 -0.10343E+01 -0.10375E+01 -0.10202E+01 -0.98713E+00 -0.94310E+00
 -0.89231E+00 -0.83817E+00 -0.78321E+00 -0.72922E+00 -0.67735E+00 -0.62828E+00 -0.58235E+00 -0.53965E+00
 -0.50011E+00 -0.46355E+00 -0.42976E+00 -0.39848E+00 -0.36944E+00 -0.34237E+00 -0.31702E+00 -0.29314E+00
 -0.27051E+00 -0.24890E+00 -0.22812E+00 -0.20798E+00 -0.18829E+00 -0.16890E+00 -0.14963E+00 -0.13034E+00
 -0.11086E+00 -0.91062E-01 -0.70784E-01 -0.49878E-01 -0.28191E-01 -0.55652E-02  0.18165E-01  0.43171E-01
  0.69635E-01  0.97749E-01  0.12772E+00  0.15976E+00  0.19409E+00  0.23096E+00  0.27061E+00  0.31329E+00
  0.35922E+00  0.40863E+00  0.46168E+00  0.51845E+00  0.57890E+00  0.64278E+00  0.70957E+00  0.77834E+00
  0.84764E+00  0.91533E+00  0.97844E+00  0.10331E+01  0.10747E+01  0.10979E+01  0.10976E+01  0.10696E+01
  0.10118E+01  0.00000E+00
  0.00000E+00 -0.10929E+01 -0.11545E+01 -0.11804E+01 -0.11745E+01 -0.11431E+01 -0.10935E+01 -0.10326E+01
 -0.96589E+00 -0.89746E+00 -0.83019E+00 -0.76585E+00 -0.70547E+00 -0.64951E+00 -0.59805E+00 -0.55097E+00
 -0.50799E+00 -0.46876E+00 -0.43290E+00 -0.40005E+00 -0.36983E+00 -0.34189E+00 -0.31592E+00 -0.29162E+00
 -0.26872E+00 -0.24697E+00 -0.22615E+00 -0.20603E+00 -0.18643E+00 -0.16716E+00 -0.14805E+00 -0.12893E+00
 -0.10964E+00 -0.90028E-01 -0.69928E-01 -0.49183E-01 -0.27630E-01 -0.51008E-02  0.18583E-01  0.43610E-01
  0.70181E-01  0.98510E-01  0.12883E+00  0.16140E+00  0.19648E+00  0.23438E+00  0.27540E+00  0.31989E+00
  0.36819E+00  0.42064E+00  0.47759E+00  0.53931E+00  0.60598E+00  0.67762E+00  0.75397E+00  0.83435E+00
  0.91745E+00  0.10011E+01  0.10821E+01  0.11557E+01  0.12158E+01  0.12551E+01  0.12657E+01  0.12406E+01
  0.11759E+01  0.00000E+00
  0.00000E+00 -0.12674E+01 -0.13378E+01 -0.13586E+01 -0.13370E+01 -0.12842E+01 -0.12113E+01 -0.11279E+01
 -0.10410E+01 -0.95538E+00 -0.87388E+00 -0.79808E+00 -0.72864E+00 -0.66560E+00 -0.60869E+00 -0.55745E+00
 -0.51133E+00 -0.46977E+00 -0.43220E+00 -0.39812E+00 -0.36705E+00 -0.33856E+00 -0.31226E+00 -0.28780E+00
 -0.26488E+00 -0.24321E+00 -0.22254E+00 -0.20265E+00 -0.18331E+00 -0.16433E+00 -0.14554E+00 -0.12675E+00
 -0.10780E+00 -0.88517E-01 -0.68744E-01 -0.48311E-01 -0.27048E-01 -0.47762E-02  0.18692E-01  0.43557E-01
  0.70037E-01  0.98368E-01  0.12881E+00  0.16165E+00  0.19720E+00  0.23582E+00  0.27789E+00  0.32385E+00
  0.37415E+00  0.42931E+00  0.48984E+00  0.55627E+00  0.62908E+00  0.70865E+00  0.79512E+00  0.88825E+00
  0.98715E+00  0.10899E+01  0.11932E+01  0.12917E+01  0.13776E+01  0.14409E+01  0.14694E+01  0.14514E+01
  0.13789E+01  0.00000E+00
  0.00000E+00 -0.14913E+01 -0.15709E+01 -0.15790E+01 -0.15308E+01 -0.14453E+01 -0.13397E+01 -0.12266E+01
 -0.11147E+01 -0.10088E+01 -0.91142E+00 -0.82343E+00 -0.74478E+00 -0.67489E+00 -0.61295E+00 -0.55805E+00
 -0.50933E+00 -0.46596E+00 -0.42718E+00 -0.39234E+00 -0.36084E+00 -0.33218E+00 -0.30589E+00 -0.28159E+00
 -0.25893E+00 -0.23760E+00 -0.21732E+00 -0.19785E+00 -0.17897E+00 -0.16047E+00 -0.14217E+00 -0.12387E+00
 -0.10541E+00 -0.86623E-01 -0.67332E-01 -0.47370E-01 -0.26561E-01 -0.47210E-02  0.18346E-01  0.42852E-01
  0.69025E-01  0.97120E-01  0.12742E+00  0.16024E+00  0.19593E+00  0.23490E+00  0.27761E+00  0.32458E+00
  0.37640E+00  0.43373E+00  0.49731E+00  0.56794E+00  0.64647E+00  0.73374E+00  0.83048E+00  0.93713E+00
  0.10535E+01  0.11786E+01  0.13093E+01  0.14402E+01  0.15622E+01  0.16613E+01  0.17195E+01  0.17167E+01
  0.16366E+01  0.00000E+00
  0.00000E+00 -0.17895E+01 -0.18755E+01 -0.18558E+01 -0.17619E+01 -0.16267E+01 -0.14753E+01 -0.13241E+01
 -0.11820E+01 -0.10533E+01 -0.93903E+00 -0.83884E+00 -0.75151E+00 -0.67553E+00 -0.60941E+00 -0.55173E+00
 -0.50121E+00 -0.45677E+00 -0.41745E+00 -0.38243E+00 -0.35102E+00 -0.32264E+00 -0.29677E+00 -0.27297E+00
 -0.25088E+00 -0.23016E+00 -0.21052E+00 -0.19171E+00 -0.17350E+00 -0.15567E+00 -0.13803E+00 -0.12040E+00
 -0.10260E+00 -0.84459E-01 -0.65814E-01 -0.46488E-01 -0.26305E-01 -0.50774E-02  0.17395E-01  0.41329E-01
  0.66962E-01  0.94560E-01  0.12442E+00  0.15689E+00  0.19234E+00  0.23124E+00  0.27409E+00  0.32151E+00
  0.37419E+00  0.43297E+00  0.49879E+00  0.57277E+00  0.65616E+00  0.75036E+00  0.85685E+00  0.97704E+00
  0.11120E+01  0.12620E+01  0.14256E+01  0.15980E+01  0.17694E+01  0.19225E+01  0.20307E+01  0.20594E+01
  0.19754E+01  0.00000E+00
  0.00000E+00 -0.22059E+01 -0.22858E+01 -0.22066E+01 -0.20344E+01 -0.18242E+01 -0.16107E+01 -0.14120E+01
 -0.12356E+01 -0.10827E+01 -0.95200E+00 -0.84076E+00 -0.74619E+00 -0.66563E+00 -0.59673E+00 -0.53751E+00
 -0.48631E+00 -0.44176E+00 -0.40270E+00 -0.36821E+00 -0.33749E+00 -0.30990E+00 -0.28489E+00 -0.26199E+00
 -0.24080E+00 -0.22099E+00 -0.20225E+00 -0.18433E+00 -0.16700E+00 -0.15003E+00 -0.13324E+00 -0.11645E+00
 -0.99474E-01 -0.82155E-01 -0.64321E-01 -0.45802E-01 -0.26422E-01 -0.59934E-02  0.15682E-01  0.38822E-01
  0.63668E-01  0.90491E-01  0.11960E+00  0.15135E+00  0.18614E+00  0.22447E+00  0.26689E+00  0.31408E+00
  0.36683E+00  0.42612E+00  0.49310E+00  0.56918E+00  0.65603E+00  0.75566E+00  0.87044E+00  0.10030E+01
  0.11562E+01  0.13325E+01  0.15333E+01  0.17569E+01  0.19951E+01  0.22288E+01  0.24212E+01  0.25151E+01
  0.24413E+01  0.00000E+00
  0.00000E+00 -0.28231E+01 -0.28549E+01 -0.26504E+01 -0.23450E+01 -0.20248E+01 -0.17308E+01 -0.14773E+01
 -0.12650E+01 -0.10895E+01 -0.94481E+00 -0.82536E+00 -0.72622E+00 -0.64341E+00 -0.57374E+00 -0.51466E+00
 -0.46416E+00 -0.42063E+00 -0.38280E+00 -0.34962E+00 -0.32026E+00 -0.29402E+00 -0.27034E+00 -0.24874E+00
 -0.22881E+00 -0.21021E+00 -0.19264E+00 -0.17585E+00 -0.15961E+00 -0.14371E+00 -0.12795E+00 -0.11217E+00
 -0.96190E-01 -0.79854E-01 -0.62996E-01 -0.45453E-01 -0.27052E-01 -0.76131E-02  0.13059E-01  0.35178E-01
  0.58982E-01  0.84741E-01  0.11276E+00  0.14341E+00  0.17709E+00  0.21430E+00  0.25564E+00  0.30182E+00
  0.35372E+00  0.41238E+00  0.47915E+00  0.55566E+00  0.64398E+00  0.74670E+00  0.86709E+00  0.10092E+01
  0.11780E+01  0.13792E+01  0.16189E+01  0.19013E+01  0.22255E+01  0.25763E+01  0.29106E+01  0.31386E+01
  0.31203E+01  0.00000E+00
  0.00000E+00 -0.38048E+01 -0.36601E+01 -0.31950E+01 -0.26703E+01 -0.21986E+01 -0.18099E+01 -0.15006E+01
 -0.12569E+01 -0.10647E+01 -0.91180E+00 -0.78904E+00 -0.68935E+00 -0.60752E+00 -0.53962E+00 -0.48271E+00
 -0.43453E+00 -0.39333E+00 -0.35777E+00 -0.32677E+00 -0.29946E+00 -0.27516E+00 -0.25330E+00 -0.23341E+00
 -0.21508E+00 -0.19800E+00 -0.18187E+00 -0.16645E+00 -0.15151E+00 -0.13686E+00 -0.12231E+00 -0.10771E+00
 -0.92889E-01 -0.77695E-01 -0.61976E-01 -0.45574E-01 -0.28329E-01 -0.10066E-01  0.93975E-02  0.30268E-01
  0.52773E-01  0.77173E-01  0.10377E+00  0.13290E+00  0.16499E+00  0.20053E+00  0.24010E+00  0.28443E+00
  0.33442E+00  0.39118E+00  0.45611E+00  0.53102E+00  0.61824E+00  0.72081E+00  0.84277E+00  0.98948E+00
  0.11681E+01  0.13883E+01  0.16622E+01  0.20045E+01  0.24294E+01  0.29404E+01  0.35061E+01  0.40091E+01
  0.41809E+01  0.00000E+00
  0.00000E+00 -0.54882E+01 -0.47853E+01 -0.37991E+01 -0.29421E+01 -0.22883E+01 -0.18086E+01 -0.14573E+01
 -0.11967E+01 -0.99982E+00 -0.84815E+00 -0.72914E+00 -0.63419E+00 -0.55728E+00 -0.49414E+00 -0.44167E+00
 -0.39756E+00 -0.36007E+00 -0.32786E+00 -0.29990E+00 -0.27536E+00 -0.25357E+00 -0.23401E+00 -0.21623E+00
 -0.19985E+00 -0.18458E+00 -0.17014E+00 -0.15630E+00 -0.14286E+00 -0.12965E+00 -0.11648E+00 -0.10322E+00
 -0.89712E-01 -0.75814E-01 -0.61387E-01 -0.46286E-01 -0.30363E-01 -0.13458E-01  0.45996E-02  0.24000E-01
  0.44955E-01  0.67707E-01  0.92536E-01  0.11977E+00  0.14979E+00  0.18307E+00  0.22017E+00  0.26178E+00
  0.30877E+00  0.36223E+00  0.42356E+00  0.49457E+00  0.57766E+00  0.67608E+00  0.79425E+00  0.93841E+00
  0.11174E+01  0.13442E+01  0.16378E+01  0.20260E+01  0.25477E+01  0.32500E+01  0.41637E+01  0.52110E+01
  0.59647E+01  0.00000E+00
  0.00000E+00 -0.85538E+01 -0.61958E+01 -0.42730E+01 -0.30077E+01 -0.22018E+01 -0.16771E+01 -0.13222E+01
 -0.10721E+01 -0.88926E+00 -0.75144E+00 -0.64486E+00 -0.56068E+00 -0.49301E+00 -0.43776E+00 -0.39205E+00
 -0.35376E+00 -0.32132E+00 -0.29352E+00 -0.26944E+00 -0.24832E+00 -0.22960E+00 -0.21278E+00 -0.19748E+00
 -0.18337E+00 -0.17017E+00 -0.15765E+00 -0.14561E+00 -0.13386E+00 -0.12224E+00 -0.11062E+00 -0.98840E-01
 -0.86785E-01 -0.74323E-01 -0.61331E-01 -0.47679E-01 -0.33234E-01 -0.17856E-01 -0.13906E-02  0.16331E-01
  0.35500E-01  0.56330E-01  0.79074E-01  0.10402E+00  0.13152E+00  0.16199E+00  0.19593E+00  0.23397E+00
  0.27689E+00  0.32567E+00  0.38159E+00  0.44631E+00  0.52207E+00  0.61192E+00  0.72014E+00  0.85289E+00
  0.10194E+01  0.12340E+01  0.15196E+01  0.19150E+01  0.24869E+01  0.33502E+01  0.46882E+01  0.67039E+01
  0.91517E+01  0.00000E+00
  0.00000E+00 -0.14204E+02 -0.71725E+01 -0.40798E+01 -0.26083E+01 -0.18309E+01 -0.13746E+01 -0.10815E+01
 -0.87968E+00 -0.73339E+00 -0.62328E+00 -0.53802E+00 -0.47054E+00 -0.41618E+00 -0.37173E+00 -0.33490E+00
 -0.30403E+00 -0.27785E+00 -0.25539E+00 -0.23592E+00 -0.21883E+00 -0.20364E+00 -0.18996E+00 -0.17747E+00
 -0.16590E+00 -0.15502E+00 -0.14463E+00 -0.13456E+00 -0.12466E+00 -0.11480E+00 -0.10484E+00 -0.94682E-01
 -0.84206E-01 -0.73307E-01 -0.61877E-01 -0.49806E-01 -0.36981E-01 -0.23281E-01 -0.85759E-02  0.72798E-02
  0.24447E-01  0.43109E-01  0.63477E-01  0.85797E-01  0.11036E+00  0.13751E+00  0.16768E+00  0.20137E+00
  0.23923E+00  0.28207E+00  0.33093E+00  0.38715E+00  0.45254E+00  0.52956E+00  0.62166E+00  0.73382E+00
  0.87360E+00  0.10530E+01  0.12922E+01  0.16286E+01  0.21369E+01  0.29805E+01  0.45432E+01  0.77615E+01
  0.14918E+02  0.00000E+00
  0.00000E+00  0.00000E+00  0.00000E+00  0.00000E+00  0.00000E+00  0.00000E+00  0.00000E+00  0.00000E+00
  0.00000E+00  0.00000E+00  0.00000E+00  0.00000E+00  0.00000E+00  0.00000E+00  0.00000E+00  0.00000E+00
  0.00000E+00  0.00000E+00  0.00000E+00  0.00000E+00  0.00000E+00  0.00000E+00  0.00000E+00  0.00000E+00
  0.00000E+00  0.00000E+00  0.00000E+00  0.00000E+00  0.00000E+00  0.00000E+00  0.00000E+00  0.00000E+00
  0.00000E+00  0.00000E+00  0.00000E+00  0.00000E+00  0.00000E+00  0.00000E+00  0.00000E+00  0.00000E+00
  0.00000E+00  0.00000E+00  0.00000E+00  0.00000E+00  0.00000E+00  0.00000E+00  0.00000E+00  0.00000E+00
  0.00000E+00  0.00000E+00  0.00000E+00  0.00000E+00  0.00000E+00  0.00000E+00  0.00000E+00  0.00000E+00
  0.00000E+00  0.00000E+00  0.00000E+00  0.00000E+00  0.00000E+00  0.00000E+00  0.00000E+00  0.00000E+00
  0.00000E+00  0.00000E+00
