              uvel00 0.50018E+00
    2   65    2   65
  0.15625E-01  0.31250E-01  0.46875E-01  0.62500E-01  0.78125E-01  0.93750E-01  0.10938E+00  0.12500E+00
  0.14063E+00  0.15625E+00  0.17188E+00  0.18750E+00  0.20313E+00  0.21875E+00  0.23438E+00  0.25000E+00
  0.26563E+00  0.28125E+00  0.29688E+00  0.31250E+00  0.32813E+00  0.34375E+00  0.35938E+00  0.37500E+00
  0.39063E+00  0.40625E+00  0.42188E+00  0.43750E+00  0.45313E+00  0.46875E+00  0.48438E+00  0.50000E+00
  0.51563E+00  0.53125E+00  0.54688E+00  0.56250E+00  0.57813E+00  0.59375E+00  0.60938E+00  0.62500E+00
  0.64063E+00  0.65625E+00  0.67188E+00  0.68750E+00  0.70313E+00  0.71875E+00  0.73438E+00  0.75000E+00
  0.76563E+00  0.78125E+00  0.79688E+00  0.81250E+00  0.82813E+00  0.84375E+00  0.85938E+00  0.87500E+00
  0.89063E+00  0.90625E+00  0.92188E+00  0.93750E+00  0.95313E+00  0.96875E+00  0.98438E+00  0.10000E+01
  0.15625E-01  0.31250E-01  0.46875E-01  0.62500E-01  0.78125E-01  0.93750E-01  0.10938E+00  0.12500E+00
  0.14063E+00  0.15625E+00  0.17188E+00  0.18750E+00  0.20313E+00  0.21875E+00  0.23438E+00  0.25000E+00
  0.26563E+00  0.28125E+00  0.29688E+00  0.31250E+00  0.32813E+00  0.34375E+00  0.35938E+00  0.37500E+00
  0.39063E+00  0.40625E+00  0.42188E+00  0.43750E+00  0.45313E+00  0.46875E+00  0.48438E+00  0.50000E+00
  0.51563E+00  0.53125E+00  0.54688E+00  0.56250E+00  0.57813E+00  0.59375E+00  0.60938E+00  0.62500E+00
  0.64063E+00  0.65625E+00  0.67188E+00  0.68750E+00  0.70313E+00  0.71875E+00  0.73438E+00  0.75000E+00
  0.76563E+00  0.78125E+00  0.79688E+00  0.81250E+00  0.82813E+00  0.84375E+00  0.85938E+00  0.87500E+00
  0.89063E+00  0.90625E+00  0.92188E+00  0.93750E+00  0.95313E+00  0.96875E+00  0.98438E+00  0.10000E+01
  0.00000E+00  0.00000E+00  0.00000E+00  0.00000E+00  0.00000E+00  0.00000E+00  0.00000E+00  0.00000E+00
  0.00000E+00  0.00000E+00  0.00000E+00  0.00000E+00  0.00000E+00  0.00000E+00  0.00000E+00  0.00000E+00
  0.00000E+00  0.00000E+00  0.00000E+00  0.00000E+00  0.00000E+00  0.00000E+00  0.00000E+00  0.00000E+00
  0.00000E+00  0.00000E+00  0.00000E+00  0.00000E+00  0.00000E+00  0.00000E+00  0.00000E+00  0.00000E+00
  0.00000E+00  0.00000E+00  0.00000E+00  0.00000E+00  0.00000E+00  0.00000E+00  0.00000E+00  0.00000E+00
  0.00000E+00  0.00000E+00  0.00000E+00  0.00000E+00  0.00000E+00  0.00000E+00  0.00000E+00  0.00000E+00
  0.00000E+00  0.00000E+00  0.00000E+00  0.00000E+00  0.00000E+00  0.00000E+00  0.00000E+00  0.00000E+00
  0.00000E+00  0.00000E+00  0.00000E+00  0.00000E+00  0.00000E+00  0.00000E+00  0.00000E+00  0.00000E+00
  0.00000E+00  0.00000E+00
  0.00000E+00  0.41197E-04  0.63914E-04  0.59747E-04  0.15471E-04 -0.79157E-04 -0.23308E-03 -0.45148E-03
 -0.73350E-03 -0.10721E-02 -0.14566E-02 -0.18759E-02 -0.23219E-02 -0.27901E-02 -0.32777E-02 -0.37809E-02
 -0.42934E-02 -0.48072E-02 -0.53143E-02 -0.58091E-02 -0.62873E-02 -0.67456E-02 -0.71800E-02 -0.75865E-02
 -0.79610E-02 -0.82999E-02 -0.86003E-02 -0.88599E-02 -0.90763E-02 -0.92477E-02 -0.93726E-02 -0.94497E-02
 -0.94783E-02 -0.94582E-02 -0.93892E-02 -0.92717E-02 -0.91065E-02 -0.88948E-02 -0.86383E-02 -0.83389E-02
 -0.79993E-02 -0.76223E-02 -0.72113E-02 -0.67701E-02 -0.63029E-02 -0.58144E-02 -0.53095E-02 -0.47938E-02
 -0.42730E-02 -0.37531E-02 -0.32406E-02 -0.27420E-02 -0.22640E-02 -0.18136E-02 -0.13974E-02 -0.10222E-02
 -0.69427E-03 -0.41935E-03 -0.20220E-03 -0.46019E-04  0.48510E-04  0.84756E-04  0.72622E-04  0.32375E-04
  0.00000E+00  0.00000E+00
  0.00000E+00  0.27955E-04  0.35721E-04 -0.12695E-04 -0.14498E-03 -0.37829E-03 -0.72045E-03 -0.11714E-02
 -0.17249E-02 -0.23706E-02 -0.30965E-02 -0.38901E-02 -0.47400E-02 -0.56357E-02 -0.65669E-02 -0.75223E-02
 -0.84898E-02 -0.94575E-02 -0.10414E-01 -0.11350E-01 -0.12257E-01 -0.13125E-01 -0.13947E-01 -0.14716E-01
 -0.15424E-01 -0.16064E-01 -0.16633E-01 -0.17123E-01 -0.17532E-01 -0.17856E-01 -0.18092E-01 -0.18237E-01
 -0.18291E-01 -0.18252E-01 -0.18121E-01 -0.17898E-01 -0.17585E-01 -0.17184E-01 -0.16699E-01 -0.16132E-01
 -0.15490E-01 -0.14777E-01 -0.14000E-01 -0.13167E-01 -0.12284E-01 -0.11361E-01 -0.10408E-01 -0.94334E-02
 -0.84493E-02 -0.74666E-02 -0.64971E-02 -0.55529E-02 -0.46464E-02 -0.37899E-02 -0.29956E-02 -0.22753E-02
 -0.16401E-02 -0.10994E-02 -0.66116E-03 -0.32991E-03 -0.10599E-03  0.16705E-04  0.53466E-04  0.32439E-04
  0.00000E+00  0.00000E+00
  0.00000E+00  0.19027E-05 -0.37662E-04 -0.17195E-03 -0.43139E-03 -0.83136E-03 -0.13753E-02 -0.20593E-02
 -0.28755E-02 -0.38136E-02 -0.48613E-02 -0.60043E-02 -0.72271E-02 -0.85132E-02 -0.98459E-02 -0.11209E-01
 -0.12587E-01 -0.13964E-01 -0.15327E-01 -0.16660E-01 -0.17952E-01 -0.19188E-01 -0.20358E-01 -0.21452E-01
 -0.22459E-01 -0.23371E-01 -0.24179E-01 -0.24877E-01 -0.25459E-01 -0.25919E-01 -0.26253E-01 -0.26460E-01
 -0.26535E-01 -0.26480E-01 -0.26292E-01 -0.25974E-01 -0.25528E-01 -0.24958E-01 -0.24267E-01 -0.23461E-01
 -0.22547E-01 -0.21534E-01 -0.20429E-01 -0.19243E-01 -0.17988E-01 -0.16676E-01 -0.15320E-01 -0.13933E-01
 -0.12532E-01 -0.11133E-01 -0.97501E-02 -0.84018E-02 -0.71045E-02 -0.58752E-02 -0.47304E-02 -0.36859E-02
 -0.27561E-02 -0.19536E-02 -0.12882E-02 -0.76573E-03 -0.38645E-03 -0.14348E-03 -0.20234E-04  0.12355E-04
  0.00000E+00  0.00000E+00
  0.00000E+00 -0.22837E-04 -0.13410E-03 -0.38437E-03 -0.79666E-03 -0.13793E-02 -0.21317E-02 -0.30492E-02
 -0.41247E-02 -0.53483E-02 -0.67063E-02 -0.81810E-02 -0.97522E-02 -0.11399E-01 -0.13100E-01 -0.14836E-01
 -0.16590E-01 -0.18342E-01 -0.20075E-01 -0.21770E-01 -0.23410E-01 -0.24980E-01 -0.26465E-01 -0.27853E-01
 -0.29131E-01 -0.30288E-01 -0.31313E-01 -0.32198E-01 -0.32935E-01 -0.33519E-01 -0.33943E-01 -0.34204E-01
 -0.34299E-01 -0.34228E-01 -0.33990E-01 -0.33586E-01 -0.33020E-01 -0.32296E-01 -0.31420E-01 -0.30398E-01
 -0.29239E-01 -0.27953E-01 -0.26552E-01 -0.25049E-01 -0.23456E-01 -0.21791E-01 -0.20069E-01 -0.18308E-01
 -0.16528E-01 -0.14747E-01 -0.12986E-01 -0.11265E-01 -0.96056E-02 -0.80280E-02 -0.65524E-02 -0.51978E-02
 -0.39814E-02 -0.29183E-02 -0.20201E-02 -0.12938E-02 -0.74102E-03 -0.35572E-03 -0.12307E-03 -0.17377E-04
  0.00000E+00  0.00000E+00
  0.00000E+00 -0.47603E-04 -0.24839E-03 -0.63082E-03 -0.12064E-02 -0.19772E-02 -0.29417E-02 -0.40957E-02
 -0.54321E-02 -0.69390E-02 -0.85989E-02 -0.10390E-01 -0.12290E-01 -0.14274E-01 -0.16319E-01 -0.18404E-01
 -0.20506E-01 -0.22605E-01 -0.24678E-01 -0.26705E-01 -0.28665E-01 -0.30541E-01 -0.32315E-01 -0.33972E-01
 -0.35497E-01 -0.36877E-01 -0.38100E-01 -0.39156E-01 -0.40035E-01 -0.40731E-01 -0.41236E-01 -0.41547E-01
 -0.41661E-01 -0.41575E-01 -0.41291E-01 -0.40810E-01 -0.40135E-01 -0.39271E-01 -0.38226E-01 -0.37007E-01
 -0.35625E-01 -0.34092E-01 -0.32420E-01 -0.30626E-01 -0.28725E-01 -0.26736E-01 -0.24679E-01 -0.22574E-01
 -0.20443E-01 -0.18309E-01 -0.16195E-01 -0.14126E-01 -0.12126E-01 -0.10218E-01 -0.84253E-02 -0.67701E-02
 -0.52720E-02 -0.39483E-02 -0.28125E-02 -0.18738E-02 -0.11355E-02 -0.59441E-03 -0.23939E-03 -0.50798E-04
  0.00000E+00  0.00000E+00
  0.00000E+00 -0.79241E-04 -0.37673E-03 -0.89389E-03 -0.16332E-02 -0.25944E-02 -0.37756E-02 -0.51715E-02
 -0.67715E-02 -0.85591E-02 -0.10513E-01 -0.12609E-01 -0.14823E-01 -0.17128E-01 -0.19499E-01 -0.21913E-01
 -0.24344E-01 -0.26767E-01 -0.29157E-01 -0.31492E-01 -0.33749E-01 -0.35908E-01 -0.37949E-01 -0.39854E-01
 -0.41608E-01 -0.43194E-01 -0.44599E-01 -0.45812E-01 -0.46822E-01 -0.47621E-01 -0.48202E-01 -0.48559E-01
 -0.48690E-01 -0.48592E-01 -0.48266E-01 -0.47713E-01 -0.46939E-01 -0.45947E-01 -0.44747E-01 -0.43348E-01
 -0.41761E-01 -0.39999E-01 -0.38079E-01 -0.36016E-01 -0.33830E-01 -0.31541E-01 -0.29172E-01 -0.26745E-01
 -0.24286E-01 -0.21821E-01 -0.19375E-01 -0.16975E-01 -0.14649E-01 -0.12423E-01 -0.10324E-01 -0.83741E-02
 -0.65972E-02 -0.50124E-02 -0.36358E-02 -0.24790E-02 -0.15482E-02 -0.84390E-03 -0.36025E-03 -0.84916E-04
  0.00000E+00  0.00000E+00
  0.00000E+00 -0.11964E-03 -0.51016E-03 -0.11572E-02 -0.20592E-02 -0.32143E-02 -0.46181E-02 -0.62601E-02
 -0.81239E-02 -0.10188E-01 -0.12430E-01 -0.14822E-01 -0.17340E-01 -0.19955E-01 -0.22641E-01 -0.25369E-01
 -0.28111E-01 -0.30840E-01 -0.33530E-01 -0.36155E-01 -0.38691E-01 -0.41115E-01 -0.43406E-01 -0.45543E-01
 -0.47509E-01 -0.49288E-01 -0.50863E-01 -0.52223E-01 -0.53355E-01 -0.54250E-01 -0.54901E-01 -0.55302E-01
 -0.55449E-01 -0.55340E-01 -0.54976E-01 -0.54358E-01 -0.53492E-01 -0.52383E-01 -0.51040E-01 -0.49473E-01
 -0.47695E-01 -0.45722E-01 -0.43569E-01 -0.41255E-01 -0.38802E-01 -0.36232E-01 -0.33569E-01 -0.30839E-01
 -0.28069E-01 -0.25288E-01 -0.22524E-01 -0.19807E-01 -0.17166E-01 -0.14632E-01 -0.12231E-01 -0.99908E-02
 -0.79367E-02 -0.60905E-02 -0.44710E-02 -0.30927E-02 -0.19658E-02 -0.10952E-02 -0.48087E-03 -0.11835E-03
  0.00000E+00  0.00000E+00
  0.00000E+00 -0.16271E-03 -0.63764E-03 -0.14104E-02 -0.24768E-02 -0.38309E-02 -0.54611E-02 -0.73497E-02
 -0.94747E-02 -0.11812E-01 -0.14337E-01 -0.17021E-01 -0.19838E-01 -0.22756E-01 -0.25746E-01 -0.28776E-01
 -0.31818E-01 -0.34840E-01 -0.37816E-01 -0.40717E-01 -0.43518E-01 -0.46193E-01 -0.48720E-01 -0.51077E-01
 -0.53244E-01 -0.55203E-01 -0.56939E-01 -0.58436E-01 -0.59684E-01 -0.60670E-01 -0.61388E-01 -0.61830E-01
 -0.61993E-01 -0.61876E-01 -0.61477E-01 -0.60799E-01 -0.59848E-01 -0.58629E-01 -0.57152E-01 -0.55429E-01
 -0.53473E-01 -0.51300E-01 -0.48928E-01 -0.46379E-01 -0.43673E-01 -0.40835E-01 -0.37893E-01 -0.34873E-01
 -0.31805E-01 -0.28719E-01 -0.25647E-01 -0.22621E-01 -0.19673E-01 -0.16835E-01 -0.14137E-01 -0.11609E-01
 -0.92784E-02 -0.71704E-02 -0.53067E-02 -0.37055E-02 -0.23811E-02 -0.13435E-02 -0.59896E-03 -0.15056E-03
  0.00000E+00  0.00000E+00
  0.00000E+00 -0.19987E-03 -0.75320E-03 -0.16521E-02 -0.28866E-02 -0.44422E-02 -0.62984E-02 -0.84310E-02
 -0.10815E-01 -0.13423E-01 -0.16229E-01 -0.19204E-01 -0.22316E-01 -0.25531E-01 -0.28818E-01 -0.32142E-01
 -0.35474E-01 -0.38780E-01 -0.42032E-01 -0.45199E-01 -0.48254E-01 -0.51170E-01 -0.53923E-01 -0.56489E-01
 -0.58848E-01 -0.60980E-01 -0.62869E-01 -0.64498E-01 -0.65855E-01 -0.66929E-01 -0.67710E-01 -0.68193E-01
 -0.68373E-01 -0.68248E-01 -0.67817E-01 -0.67084E-01 -0.66053E-01 -0.64732E-01 -0.63130E-01 -0.61259E-01
 -0.59134E-01 -0.56772E-01 -0.54193E-01 -0.51417E-01 -0.48469E-01 -0.45375E-01 -0.42163E-01 -0.38863E-01
 -0.35505E-01 -0.32123E-01 -0.28751E-01 -0.25422E-01 -0.22171E-01 -0.19032E-01 -0.16039E-01 -0.13223E-01
 -0.10616E-01 -0.82458E-02 -0.61372E-02 -0.43126E-02 -0.27907E-02 -0.15869E-02 -0.71368E-03 -0.18143E-03
  0.00000E+00  0.00000E+00
  0.00000E+00 -0.22748E-03 -0.85922E-03 -0.18872E-02 -0.32912E-02 -0.50465E-02 -0.71251E-02 -0.94989E-02
 -0.12140E-01 -0.15020E-01 -0.18108E-01 -0.21371E-01 -0.24775E-01 -0.28283E-01 -0.31862E-01 -0.35476E-01
 -0.39091E-01 -0.42675E-01 -0.46196E-01 -0.49621E-01 -0.52923E-01 -0.56072E-01 -0.59043E-01 -0.61811E-01
 -0.64355E-01 -0.66654E-01 -0.68689E-01 -0.70445E-01 -0.71908E-01 -0.73067E-01 -0.73911E-01 -0.74434E-01
 -0.74631E-01 -0.74500E-01 -0.74041E-01 -0.73256E-01 -0.72151E-01 -0.70733E-01 -0.69012E-01 -0.67001E-01
 -0.64715E-01 -0.62172E-01 -0.59393E-01 -0.56400E-01 -0.53218E-01 -0.49875E-01 -0.46401E-01 -0.42827E-01
 -0.39186E-01 -0.35513E-01 -0.31843E-01 -0.28214E-01 -0.24662E-01 -0.21224E-01 -0.17936E-01 -0.14833E-01
 -0.11949E-01 -0.93150E-02 -0.69607E-02 -0.49124E-02 -0.31935E-02 -0.18249E-02 -0.82504E-03 -0.21107E-03
  0.00000E+00  0.00000E+00
  0.00000E+00 -0.24924E-03 -0.96290E-03 -0.21207E-02 -0.36913E-02 -0.56416E-02 -0.79391E-02 -0.10553E-01
 -0.13453E-01 -0.16605E-01 -0.19975E-01 -0.23525E-01 -0.27218E-01 -0.31018E-01 -0.34886E-01 -0.38786E-01
 -0.42682E-01 -0.46539E-01 -0.50323E-01 -0.54002E-01 -0.57544E-01 -0.60921E-01 -0.64105E-01 -0.67070E-01
 -0.69793E-01 -0.72254E-01 -0.74433E-01 -0.76313E-01 -0.77880E-01 -0.79121E-01 -0.80027E-01 -0.80590E-01
 -0.80806E-01 -0.80671E-01 -0.80186E-01 -0.79353E-01 -0.78178E-01 -0.76668E-01 -0.74834E-01 -0.72688E-01
 -0.70247E-01 -0.67530E-01 -0.64557E-01 -0.61353E-01 -0.57943E-01 -0.54357E-01 -0.50626E-01 -0.46782E-01
 -0.42861E-01 -0.38900E-01 -0.34936E-01 -0.31007E-01 -0.27154E-01 -0.23416E-01 -0.19832E-01 -0.16440E-01
 -0.13277E-01 -0.10379E-01 -0.77782E-02 -0.55058E-02 -0.35904E-02 -0.20582E-02 -0.93352E-03 -0.23968E-03
  0.00000E+00  0.00000E+00
  0.00000E+00 -0.27211E-03 -0.10696E-02 -0.23540E-02 -0.40857E-02 -0.62268E-02 -0.87423E-02 -0.11598E-01
 -0.14757E-01 -0.18182E-01 -0.21832E-01 -0.25669E-01 -0.29652E-01 -0.33742E-01 -0.37898E-01 -0.42083E-01
 -0.46257E-01 -0.50384E-01 -0.54429E-01 -0.58358E-01 -0.62138E-01 -0.65738E-01 -0.69131E-01 -0.72289E-01
 -0.75189E-01 -0.77809E-01 -0.80128E-01 -0.82130E-01 -0.83799E-01 -0.85123E-01 -0.86090E-01 -0.86694E-01
 -0.86930E-01 -0.86793E-01 -0.86285E-01 -0.85407E-01 -0.84166E-01 -0.82568E-01 -0.80625E-01 -0.78351E-01
 -0.75760E-01 -0.72874E-01 -0.69712E-01 -0.66302E-01 -0.62668E-01 -0.58843E-01 -0.54857E-01 -0.50747E-01
 -0.46547E-01 -0.42298E-01 -0.38039E-01 -0.33811E-01 -0.29655E-01 -0.25616E-01 -0.21733E-01 -0.18050E-01
 -0.14606E-01 -0.11441E-01 -0.85921E-02 -0.60950E-02 -0.39831E-02 -0.22881E-02 -0.10399E-02 -0.26753E-03
  0.00000E+00  0.00000E+00
  0.00000E+00 -0.30020E-03 -0.11793E-02 -0.25849E-02 -0.44734E-02 -0.68044E-02 -0.95389E-02 -0.12637E-01
 -0.16056E-01 -0.19753E-01 -0.23686E-01 -0.27810E-01 -0.32083E-01 -0.36463E-01 -0.40908E-01 -0.45376E-01
 -0.49828E-01 -0.54224E-01 -0.58528E-01 -0.62705E-01 -0.66720E-01 -0.70541E-01 -0.74141E-01 -0.77490E-01
 -0.80564E-01 -0.83341E-01 -0.85800E-01 -0.87922E-01 -0.89692E-01 -0.91098E-01 -0.92128E-01 -0.92773E-01
 -0.93030E-01 -0.92894E-01 -0.92365E-01 -0.91447E-01 -0.90143E-01 -0.88461E-01 -0.86414E-01 -0.84014E-01
 -0.81278E-01 -0.78226E-01 -0.74881E-01 -0.71267E-01 -0.67413E-01 -0.63350E-01 -0.59113E-01 -0.54736E-01
 -0.50258E-01 -0.45721E-01 -0.41165E-01 -0.36635E-01 -0.32175E-01 -0.27830E-01 -0.23647E-01 -0.19668E-01
 -0.15940E-01 -0.12506E-01 -0.94064E-02 -0.66830E-02 -0.43740E-02 -0.25161E-02 -0.11449E-02 -0.29490E-03
  0.00000E+00  0.00000E+00
  0.00000E+00 -0.33222E-03 -0.12881E-02 -0.28113E-02 -0.48561E-02 -0.73784E-02 -0.10334E-01 -0.13675E-01
 -0.17354E-01 -0.21325E-01 -0.25540E-01 -0.29953E-01 -0.34518E-01 -0.39190E-01 -0.43924E-01 -0.48676E-01
 -0.53405E-01 -0.58070E-01 -0.62633E-01 -0.67056E-01 -0.71305E-01 -0.75347E-01 -0.79151E-01 -0.82690E-01
 -0.85937E-01 -0.88870E-01 -0.91466E-01 -0.93709E-01 -0.95581E-01 -0.97068E-01 -0.98161E-01 -0.98850E-01
 -0.99130E-01 -0.98997E-01 -0.98451E-01 -0.97494E-01 -0.96131E-01 -0.94370E-01 -0.92222E-01 -0.89701E-01
 -0.86823E-01 -0.83610E-01 -0.80083E-01 -0.76269E-01 -0.72196E-01 -0.67898E-01 -0.63408E-01 -0.58765E-01
 -0.54009E-01 -0.49181E-01 -0.44327E-01 -0.39492E-01 -0.34724E-01 -0.30070E-01 -0.25580E-01 -0.21303E-01
 -0.17286E-01 -0.13578E-01 -0.10226E-01 -0.72735E-02 -0.47656E-02 -0.27440E-02 -0.12497E-02 -0.32209E-03
  0.00000E+00  0.00000E+00
  0.00000E+00 -0.36381E-03 -0.13930E-02 -0.30338E-02 -0.52371E-02 -0.79531E-02 -0.11130E-01 -0.14715E-01
 -0.18656E-01 -0.22901E-01 -0.27401E-01 -0.32105E-01 -0.36964E-01 -0.41929E-01 -0.46954E-01 -0.51992E-01
 -0.56999E-01 -0.61933E-01 -0.66754E-01 -0.71424E-01 -0.75906E-01 -0.80167E-01 -0.84175E-01 -0.87903E-01
 -0.91322E-01 -0.94410E-01 -0.97145E-01 -0.99507E-01 -0.10148E+00 -0.10305E+00 -0.10421E+00 -0.10494E+00
 -0.10525E+00 -0.10512E+00 -0.10456E+00 -0.10357E+00 -0.10215E+00 -0.10031E+00 -0.98067E-01 -0.95428E-01
 -0.92413E-01 -0.89040E-01 -0.85335E-01 -0.81323E-01 -0.77034E-01 -0.72501E-01 -0.67760E-01 -0.62850E-01
 -0.57813E-01 -0.52693E-01 -0.47537E-01 -0.42393E-01 -0.37311E-01 -0.32344E-01 -0.27543E-01 -0.22961E-01
 -0.18651E-01 -0.14665E-01 -0.11055E-01 -0.78703E-02 -0.51608E-02 -0.29737E-02 -0.13550E-02 -0.34937E-03
  0.00000E+00  0.00000E+00
  0.00000E+00 -0.39184E-03 -0.14943E-02 -0.32554E-02 -0.56201E-02 -0.85313E-02 -0.11931E-01 -0.15761E-01
 -0.19965E-01 -0.24488E-01 -0.29275E-01 -0.34273E-01 -0.39428E-01 -0.44689E-01 -0.50006E-01 -0.55331E-01
 -0.60617E-01 -0.65821E-01 -0.70901E-01 -0.75817E-01 -0.80532E-01 -0.85012E-01 -0.89225E-01 -0.93140E-01
 -0.96731E-01 -0.99974E-01 -0.10285E+00 -0.10533E+00 -0.10740E+00 -0.10906E+00 -0.11028E+00 -0.11106E+00
 -0.11139E+00 -0.11128E+00 -0.11070E+00 -0.10968E+00 -0.10821E+00 -0.10630E+00 -0.10396E+00 -0.10121E+00
 -0.98060E-01 -0.94533E-01 -0.90652E-01 -0.86444E-01 -0.81940E-01 -0.77173E-01 -0.72181E-01 -0.67003E-01
 -0.61683E-01 -0.56268E-01 -0.50806E-01 -0.45349E-01 -0.39949E-01 -0.34662E-01 -0.29544E-01 -0.24651E-01
 -0.20042E-01 -0.15772E-01 -0.11899E-01 -0.84773E-02 -0.55624E-02 -0.32069E-02 -0.14619E-02 -0.37702E-03
  0.00000E+00  0.00000E+00
  0.00000E+00 -0.41669E-03 -0.15952E-02 -0.34797E-02 -0.60076E-02 -0.91150E-02 -0.12738E-01 -0.16816E-01
 -0.21287E-01 -0.26091E-01 -0.31169E-01 -0.36463E-01 -0.41917E-01 -0.47476E-01 -0.53088E-01 -0.58701E-01
 -0.64268E-01 -0.69742E-01 -0.75081E-01 -0.80244E-01 -0.85192E-01 -0.89891E-01 -0.94306E-01 -0.98409E-01
 -0.10217E+00 -0.10557E+00 -0.10858E+00 -0.11118E+00 -0.11336E+00 -0.11510E+00 -0.11639E+00 -0.11722E+00
 -0.11758E+00 -0.11747E+00 -0.11689E+00 -0.11584E+00 -0.11432E+00 -0.11234E+00 -0.10992E+00 -0.10706E+00
 -0.10378E+00 -0.10010E+00 -0.96044E-01 -0.91643E-01 -0.86925E-01 -0.81926E-01 -0.76682E-01 -0.71235E-01
 -0.65631E-01 -0.59918E-01 -0.54146E-01 -0.48370E-01 -0.42647E-01 -0.37034E-01 -0.31592E-01 -0.26382E-01
 -0.21465E-01 -0.16905E-01 -0.12762E-01 -0.90985E-02 -0.59734E-02 -0.34454E-02 -0.15712E-02 -0.40529E-03
  0.00000E+00  0.00000E+00
  0.00000E+00 -0.44115E-03 -0.16990E-02 -0.37089E-02 -0.64011E-02 -0.97063E-02 -0.13557E-01 -0.17885E-01
 -0.22626E-01 -0.27715E-01 -0.33087E-01 -0.38681E-01 -0.44437E-01 -0.50297E-01 -0.56205E-01 -0.62108E-01
 -0.67956E-01 -0.73702E-01 -0.79300E-01 -0.84709E-01 -0.89890E-01 -0.94806E-01 -0.99424E-01 -0.10371E+00
 -0.10765E+00 -0.11120E+00 -0.11434E+00 -0.11707E+00 -0.11935E+00 -0.12118E+00 -0.12253E+00 -0.12341E+00
 -0.12381E+00 -0.12371E+00 -0.12313E+00 -0.12205E+00 -0.12049E+00 -0.11845E+00 -0.11594E+00 -0.11297E+00
 -0.10957E+00 -0.10574E+00 -0.10152E+00 -0.96927E-01 -0.91999E-01 -0.86767E-01 -0.81272E-01 -0.75556E-01
 -0.69666E-01 -0.63652E-01 -0.57566E-01 -0.51467E-01 -0.45414E-01 -0.39469E-01 -0.33695E-01 -0.28160E-01
 -0.22929E-01 -0.18071E-01 -0.13651E-01 -0.97379E-02 -0.63964E-02 -0.36910E-02 -0.16837E-02 -0.43442E-03
  0.00000E+00  0.00000E+00
  0.00000E+00 -0.46777E-03 -0.18071E-02 -0.39434E-02 -0.68016E-02 -0.10308E-01 -0.14389E-01 -0.18973E-01
 -0.23988E-01 -0.29365E-01 -0.35035E-01 -0.40932E-01 -0.46992E-01 -0.53155E-01 -0.59361E-01 -0.65556E-01
 -0.71687E-01 -0.77704E-01 -0.83561E-01 -0.89216E-01 -0.94628E-01 -0.99760E-01 -0.10458E+00 -0.10905E+00
 -0.11316E+00 -0.11686E+00 -0.12014E+00 -0.12299E+00 -0.12537E+00 -0.12728E+00 -0.12871E+00 -0.12964E+00
 -0.13007E+00 -0.13000E+00 -0.12941E+00 -0.12832E+00 -0.12672E+00 -0.12462E+00 -0.12203E+00 -0.11896E+00
 -0.11543E+00 -0.11146E+00 -0.10708E+00 -0.10230E+00 -0.97164E-01 -0.91704E-01 -0.85959E-01 -0.79974E-01
 -0.73796E-01 -0.67478E-01 -0.61076E-01 -0.54649E-01 -0.48260E-01 -0.41975E-01 -0.35863E-01 -0.29994E-01
 -0.24440E-01 -0.19274E-01 -0.14569E-01 -0.10399E-01 -0.68341E-02 -0.39453E-02 -0.18004E-02 -0.46465E-03
  0.00000E+00  0.00000E+00
  0.00000E+00 -0.49720E-03 -0.19189E-02 -0.41832E-02 -0.72105E-02 -0.10922E-01 -0.15238E-01 -0.20082E-01
 -0.25376E-01 -0.31045E-01 -0.37016E-01 -0.43220E-01 -0.49588E-01 -0.56055E-01 -0.62561E-01 -0.69048E-01
 -0.75461E-01 -0.81749E-01 -0.87864E-01 -0.93763E-01 -0.99404E-01 -0.10475E+00 -0.10977E+00 -0.11443E+00
 -0.11869E+00 -0.12255E+00 -0.12597E+00 -0.12893E+00 -0.13142E+00 -0.13342E+00 -0.13492E+00 -0.13590E+00
 -0.13637E+00 -0.13631E+00 -0.13573E+00 -0.13462E+00 -0.13299E+00 -0.13084E+00 -0.12817E+00 -0.12501E+00
 -0.12137E+00 -0.11727E+00 -0.11272E+00 -0.10776E+00 -0.10242E+00 -0.96738E-01 -0.90746E-01 -0.84492E-01
 -0.78027E-01 -0.71404E-01 -0.64681E-01 -0.57921E-01 -0.51191E-01 -0.44560E-01 -0.38101E-01 -0.31889E-01
 -0.26003E-01 -0.20521E-01 -0.15522E-01 -0.11085E-01 -0.72891E-02 -0.42099E-02 -0.19219E-02 -0.49619E-03
  0.00000E+00  0.00000E+00
  0.00000E+00 -0.52843E-03 -0.20336E-02 -0.44287E-02 -0.76293E-02 -0.11550E-01 -0.16107E-01 -0.21216E-01
 -0.26793E-01 -0.32759E-01 -0.39035E-01 -0.45548E-01 -0.52226E-01 -0.59000E-01 -0.65807E-01 -0.72586E-01
 -0.79280E-01 -0.85837E-01 -0.92208E-01 -0.98348E-01 -0.10422E+00 -0.10977E+00 -0.11498E+00 -0.11982E+00
 -0.12425E+00 -0.12826E+00 -0.13181E+00 -0.13489E+00 -0.13748E+00 -0.13956E+00 -0.14113E+00 -0.14217E+00
 -0.14268E+00 -0.14265E+00 -0.14208E+00 -0.14096E+00 -0.13930E+00 -0.13710E+00 -0.13437E+00 -0.13113E+00
 -0.12738E+00 -0.12314E+00 -0.11845E+00 -0.11331E+00 -0.10778E+00 -0.10187E+00 -0.95634E-01 -0.89114E-01
 -0.82362E-01 -0.75433E-01 -0.68388E-01 -0.61292E-01 -0.54215E-01 -0.47230E-01 -0.40416E-01 -0.33854E-01
 -0.27626E-01 -0.21817E-01 -0.16513E-01 -0.11800E-01 -0.77637E-02 -0.44863E-02 -0.20490E-02 -0.52925E-03
  0.00000E+00  0.00000E+00
  0.00000E+00 -0.56021E-03 -0.21507E-02 -0.46807E-02 -0.80597E-02 -0.12196E-01 -0.16999E-01 -0.22377E-01
 -0.28242E-01 -0.34509E-01 -0.41094E-01 -0.47920E-01 -0.54909E-01 -0.61991E-01 -0.69098E-01 -0.76168E-01
 -0.83142E-01 -0.89965E-01 -0.96588E-01 -0.10296E+00 -0.10905E+00 -0.11482E+00 -0.12022E+00 -0.12523E+00
 -0.12982E+00 -0.13396E+00 -0.13764E+00 -0.14084E+00 -0.14353E+00 -0.14570E+00 -0.14734E+00 -0.14844E+00
 -0.14899E+00 -0.14899E+00 -0.14843E+00 -0.14730E+00 -0.14562E+00 -0.14339E+00 -0.14060E+00 -0.13728E+00
 -0.13343E+00 -0.12908E+00 -0.12424E+00 -0.11894E+00 -0.11322E+00 -0.10709E+00 -0.10062E+00 -0.93838E-01
 -0.86802E-01 -0.79569E-01 -0.72200E-01 -0.64765E-01 -0.57336E-01 -0.49992E-01 -0.42815E-01 -0.35892E-01
 -0.29312E-01 -0.23166E-01 -0.17547E-01 -0.12547E-01 -0.82602E-02 -0.47759E-02 -0.21824E-02 -0.56404E-03
  0.00000E+00  0.00000E+00
  0.00000E+00 -0.59208E-03 -0.22708E-02 -0.49404E-02 -0.85031E-02 -0.12860E-01 -0.17914E-01 -0.23567E-01
 -0.29726E-01 -0.36298E-01 -0.43196E-01 -0.50336E-01 -0.57638E-01 -0.65028E-01 -0.72434E-01 -0.79792E-01
 -0.87041E-01 -0.94126E-01 -0.10100E+00 -0.10760E+00 -0.11391E+00 -0.11987E+00 -0.12545E+00 -0.13063E+00
 -0.13537E+00 -0.13966E+00 -0.14346E+00 -0.14676E+00 -0.14955E+00 -0.15180E+00 -0.15352E+00 -0.15468E+00
 -0.15527E+00 -0.15530E+00 -0.15475E+00 -0.15364E+00 -0.15194E+00 -0.14968E+00 -0.14684E+00 -0.14345E+00
 -0.13952E+00 -0.13506E+00 -0.13009E+00 -0.12464E+00 -0.11873E+00 -0.11240E+00 -0.10570E+00 -0.98661E-01
 -0.91345E-01 -0.83809E-01 -0.76118E-01 -0.68342E-01 -0.60558E-01 -0.52849E-01 -0.45303E-01 -0.38010E-01
 -0.31068E-01 -0.24573E-01 -0.18627E-01 -0.13329E-01 -0.87809E-02 -0.50802E-02 -0.23229E-02 -0.60074E-03
  0.00000E+00  0.00000E+00
  0.00000E+00 -0.62445E-03 -0.23949E-02 -0.52088E-02 -0.89607E-02 -0.13545E-01 -0.18855E-01 -0.24789E-01
 -0.31246E-01 -0.38128E-01 -0.45341E-01 -0.52797E-01 -0.60413E-01 -0.68108E-01 -0.75811E-01 -0.83453E-01
 -0.90973E-01 -0.98312E-01 -0.10542E+00 -0.11225E+00 -0.11876E+00 -0.12491E+00 -0.13067E+00 -0.13600E+00
 -0.14089E+00 -0.14530E+00 -0.14922E+00 -0.15263E+00 -0.15551E+00 -0.15785E+00 -0.15963E+00 -0.16084E+00
 -0.16149E+00 -0.16155E+00 -0.16103E+00 -0.15992E+00 -0.15822E+00 -0.15593E+00 -0.15307E+00 -0.14962E+00
 -0.14562E+00 -0.14106E+00 -0.13597E+00 -0.13038E+00 -0.12430E+00 -0.11778E+00 -0.11086E+00 -0.10357E+00
 -0.95985E-01 -0.88152E-01 -0.80141E-01 -0.72024E-01 -0.63884E-01 -0.55805E-01 -0.47882E-01 -0.40212E-01
 -0.32897E-01 -0.26042E-01 -0.19757E-01 -0.14149E-01 -0.93278E-02 -0.54004E-02 -0.24710E-02 -0.63956E-03
  0.00000E+00  0.00000E+00
  0.00000E+00 -0.65802E-03 -0.25239E-02 -0.54869E-02 -0.94337E-02 -0.14250E-01 -0.19824E-01 -0.26045E-01
 -0.32805E-01 -0.39999E-01 -0.47531E-01 -0.55304E-01 -0.63231E-01 -0.71230E-01 -0.79225E-01 -0.87145E-01
 -0.94927E-01 -0.10251E+00 -0.10985E+00 -0.11689E+00 -0.12359E+00 -0.12992E+00 -0.13584E+00 -0.14132E+00
 -0.14634E+00 -0.15087E+00 -0.15490E+00 -0.15840E+00 -0.16137E+00 -0.16378E+00 -0.16563E+00 -0.16691E+00
 -0.16760E+00 -0.16770E+00 -0.16721E+00 -0.16611E+00 -0.16442E+00 -0.16213E+00 -0.15924E+00 -0.15575E+00
 -0.15169E+00 -0.14705E+00 -0.14186E+00 -0.13614E+00 -0.12991E+00 -0.12321E+00 -0.11608E+00 -0.10856E+00
 -0.10071E+00 -0.92591E-01 -0.84265E-01 -0.75811E-01 -0.67313E-01 -0.58862E-01 -0.50556E-01 -0.42500E-01
 -0.34803E-01 -0.27577E-01 -0.20940E-01 -0.15009E-01 -0.99030E-02 -0.57379E-02 -0.26275E-02 -0.68066E-03
  0.00000E+00  0.00000E+00
  0.00000E+00 -0.69327E-03 -0.26583E-02 -0.57754E-02 -0.99230E-02 -0.14979E-01 -0.20823E-01 -0.27336E-01
 -0.34403E-01 -0.41914E-01 -0.49764E-01 -0.57854E-01 -0.66091E-01 -0.74389E-01 -0.82669E-01 -0.90858E-01
 -0.98892E-01 -0.10671E+00 -0.11426E+00 -0.12150E+00 -0.12838E+00 -0.13487E+00 -0.14094E+00 -0.14655E+00
 -0.15169E+00 -0.15633E+00 -0.16045E+00 -0.16404E+00 -0.16709E+00 -0.16957E+00 -0.17148E+00 -0.17281E+00
 -0.17355E+00 -0.17370E+00 -0.17324E+00 -0.17217E+00 -0.17049E+00 -0.16821E+00 -0.16530E+00 -0.16180E+00
 -0.15769E+00 -0.15299E+00 -0.14772E+00 -0.14189E+00 -0.13553E+00 -0.12867E+00 -0.12135E+00 -0.11362E+00
 -0.10552E+00 -0.97116E-01 -0.88483E-01 -0.79696E-01 -0.70843E-01 -0.62019E-01 -0.53327E-01 -0.44878E-01
 -0.36788E-01 -0.29180E-01 -0.22179E-01 -0.15912E-01 -0.10508E-01 -0.60940E-02 -0.27930E-02 -0.72426E-03
  0.00000E+00  0.00000E+00
  0.00000E+00 -0.73036E-03 -0.27983E-02 -0.60750E-02 -0.10430E-01 -0.15732E-01 -0.21852E-01 -0.28663E-01
 -0.36042E-01 -0.43873E-01 -0.52042E-01 -0.60447E-01 -0.68988E-01 -0.77578E-01 -0.86134E-01 -0.94581E-01
 -0.10285E+00 -0.11089E+00 -0.11864E+00 -0.12606E+00 -0.13310E+00 -0.13974E+00 -0.14593E+00 -0.15166E+00
 -0.15690E+00 -0.16163E+00 -0.16583E+00 -0.16950E+00 -0.17261E+00 -0.17516E+00 -0.17712E+00 -0.17851E+00
 -0.17930E+00 -0.17949E+00 -0.17907E+00 -0.17804E+00 -0.17639E+00 -0.17412E+00 -0.17122E+00 -0.16771E+00
 -0.16358E+00 -0.15884E+00 -0.15351E+00 -0.14760E+00 -0.14113E+00 -0.13413E+00 -0.12665E+00 -0.11871E+00
 -0.11038E+00 -0.10171E+00 -0.92786E-01 -0.83675E-01 -0.74471E-01 -0.65275E-01 -0.56194E-01 -0.47347E-01
 -0.38857E-01 -0.30855E-01 -0.23477E-01 -0.16861E-01 -0.11146E-01 -0.64700E-02 -0.29681E-02 -0.77053E-03
  0.00000E+00  0.00000E+00
  0.00000E+00 -0.76925E-03 -0.29442E-02 -0.63864E-02 -0.10956E-01 -0.16511E-01 -0.22914E-01 -0.30029E-01
 -0.37724E-01 -0.45874E-01 -0.54362E-01 -0.63077E-01 -0.71918E-01 -0.80790E-01 -0.89609E-01 -0.98299E-01
 -0.10679E+00 -0.11503E+00 -0.12296E+00 -0.13053E+00 -0.13772E+00 -0.14447E+00 -0.15077E+00 -0.15659E+00
 -0.16191E+00 -0.16672E+00 -0.17099E+00 -0.17471E+00 -0.17788E+00 -0.18047E+00 -0.18249E+00 -0.18393E+00
 -0.18477E+00 -0.18501E+00 -0.18463E+00 -0.18364E+00 -0.18203E+00 -0.17980E+00 -0.17693E+00 -0.17343E+00
 -0.16930E+00 -0.16455E+00 -0.15919E+00 -0.15322E+00 -0.14667E+00 -0.13956E+00 -0.13193E+00 -0.12382E+00
 -0.11528E+00 -0.10637E+00 -0.97160E-01 -0.87737E-01 -0.78191E-01 -0.68626E-01 -0.59157E-01 -0.49907E-01
 -0.41010E-01 -0.32604E-01 -0.24837E-01 -0.17858E-01 -0.11818E-01 -0.68671E-02 -0.31536E-02 -0.81969E-03
  0.00000E+00  0.00000E+00
  0.00000E+00 -0.80992E-03 -0.30964E-02 -0.67104E-02 -0.11501E-01 -0.17318E-01 -0.24010E-01 -0.31434E-01
 -0.39448E-01 -0.47919E-01 -0.56723E-01 -0.65743E-01 -0.74873E-01 -0.84015E-01 -0.93082E-01 -0.10200E+00
 -0.11069E+00 -0.11911E+00 -0.12719E+00 -0.13489E+00 -0.14219E+00 -0.14904E+00 -0.15542E+00 -0.16131E+00
 -0.16668E+00 -0.17153E+00 -0.17585E+00 -0.17961E+00 -0.18282E+00 -0.18546E+00 -0.18752E+00 -0.18900E+00
 -0.18989E+00 -0.19017E+00 -0.18985E+00 -0.18892E+00 -0.18736E+00 -0.18517E+00 -0.18235E+00 -0.17889E+00
 -0.17479E+00 -0.17006E+00 -0.16469E+00 -0.15869E+00 -0.15209E+00 -0.14490E+00 -0.13716E+00 -0.12891E+00
 -0.12018E+00 -0.11105E+00 -0.10159E+00 -0.91869E-01 -0.81993E-01 -0.72068E-01 -0.62213E-01 -0.52559E-01
 -0.43248E-01 -0.34430E-01 -0.26262E-01 -0.18905E-01 -0.12526E-01 -0.72868E-02 -0.33502E-02 -0.87194E-03
  0.00000E+00  0.00000E+00
  0.00000E+00 -0.85246E-03 -0.32552E-02 -0.70481E-02 -0.12069E-01 -0.18154E-01 -0.25143E-01 -0.32880E-01
 -0.41215E-01 -0.50007E-01 -0.59122E-01 -0.68439E-01 -0.77846E-01 -0.87242E-01 -0.96537E-01 -0.10565E+00
 -0.11452E+00 -0.12309E+00 -0.13129E+00 -0.13910E+00 -0.14647E+00 -0.15339E+00 -0.15981E+00 -0.16574E+00
 -0.17114E+00 -0.17602E+00 -0.18035E+00 -0.18413E+00 -0.18736E+00 -0.19003E+00 -0.19212E+00 -0.19364E+00
 -0.19457E+00 -0.19491E+00 -0.19464E+00 -0.19377E+00 -0.19228E+00 -0.19017E+00 -0.18741E+00 -0.18402E+00
 -0.17998E+00 -0.17529E+00 -0.16994E+00 -0.16396E+00 -0.15735E+00 -0.15012E+00 -0.14230E+00 -0.13394E+00
 -0.12506E+00 -0.11574E+00 -0.10605E+00 -0.96055E-01 -0.85866E-01 -0.75592E-01 -0.65357E-01 -0.55301E-01
 -0.45572E-01 -0.36333E-01 -0.27752E-01 -0.20006E-01 -0.13272E-01 -0.77304E-02 -0.35586E-02 -0.92754E-03
  0.00000E+00  0.00000E+00
  0.00000E+00 -0.89703E-03 -0.34215E-02 -0.74008E-02 -0.12659E-01 -0.19021E-01 -0.26314E-01 -0.34369E-01
 -0.43027E-01 -0.52136E-01 -0.61556E-01 -0.71159E-01 -0.80827E-01 -0.90457E-01 -0.99957E-01 -0.10925E+00
 -0.11826E+00 -0.12694E+00 -0.13523E+00 -0.14310E+00 -0.15052E+00 -0.15746E+00 -0.16390E+00 -0.16982E+00
 -0.17522E+00 -0.18009E+00 -0.18441E+00 -0.18819E+00 -0.19142E+00 -0.19409E+00 -0.19620E+00 -0.19775E+00
 -0.19872E+00 -0.19911E+00 -0.19891E+00 -0.19811E+00 -0.19671E+00 -0.19468E+00 -0.19202E+00 -0.18872E+00
 -0.18477E+00 -0.18016E+00 -0.17489E+00 -0.16896E+00 -0.16237E+00 -0.15515E+00 -0.14730E+00 -0.13886E+00
 -0.12988E+00 -0.12041E+00 -0.11051E+00 -0.10027E+00 -0.89795E-01 -0.79188E-01 -0.68585E-01 -0.58130E-01
 -0.47983E-01 -0.38316E-01 -0.29312E-01 -0.21161E-01 -0.14058E-01 -0.81996E-02 -0.37797E-02 -0.98672E-03
  0.00000E+00  0.00000E+00
  0.00000E+00 -0.94393E-03 -0.35961E-02 -0.77701E-02 -0.13276E-01 -0.19924E-01 -0.27527E-01 -0.35904E-01
 -0.44885E-01 -0.54307E-01 -0.64023E-01 -0.73897E-01 -0.83807E-01 -0.93646E-01 -0.10332E+00 -0.11275E+00
 -0.12187E+00 -0.13063E+00 -0.13897E+00 -0.14686E+00 -0.15427E+00 -0.16119E+00 -0.16760E+00 -0.17348E+00
 -0.17884E+00 -0.18366E+00 -0.18794E+00 -0.19169E+00 -0.19489E+00 -0.19755E+00 -0.19966E+00 -0.20122E+00
 -0.20223E+00 -0.20267E+00 -0.20254E+00 -0.20183E+00 -0.20052E+00 -0.19861E+00 -0.19607E+00 -0.19289E+00
 -0.18907E+00 -0.18458E+00 -0.17943E+00 -0.17359E+00 -0.16709E+00 -0.15991E+00 -0.15209E+00 -0.14363E+00
 -0.13459E+00 -0.12501E+00 -0.11495E+00 -0.10450E+00 -0.93761E-01 -0.82845E-01 -0.71887E-01 -0.61042E-01
 -0.50478E-01 -0.40379E-01 -0.30943E-01 -0.22374E-01 -0.14887E-01 -0.86961E-02 -0.40144E-02 -0.10498E-02
  0.00000E+00  0.00000E+00
  0.00000E+00 -0.99349E-03 -0.37801E-02 -0.81580E-02 -0.13921E-01 -0.20864E-01 -0.28784E-01 -0.37488E-01
 -0.46790E-01 -0.56520E-01 -0.66519E-01 -0.76645E-01 -0.86773E-01 -0.96792E-01 -0.10661E+00 -0.11614E+00
 -0.12532E+00 -0.13410E+00 -0.14244E+00 -0.15030E+00 -0.15767E+00 -0.16452E+00 -0.17085E+00 -0.17664E+00
 -0.18191E+00 -0.18664E+00 -0.19085E+00 -0.19452E+00 -0.19767E+00 -0.20029E+00 -0.20239E+00 -0.20396E+00
 -0.20499E+00 -0.20549E+00 -0.20543E+00 -0.20481E+00 -0.20362E+00 -0.20184E+00 -0.19945E+00 -0.19643E+00
 -0.19277E+00 -0.18846E+00 -0.18346E+00 -0.17778E+00 -0.17141E+00 -0.16435E+00 -0.15660E+00 -0.14818E+00
 -0.13913E+00 -0.12949E+00 -0.11932E+00 -0.10871E+00 -0.97742E-01 -0.86545E-01 -0.75255E-01 -0.64032E-01
 -0.53057E-01 -0.42524E-01 -0.32647E-01 -0.23648E-01 -0.15762E-01 -0.92218E-02 -0.42639E-02 -0.11171E-02
  0.00000E+00  0.00000E+00
  0.00000E+00 -0.10461E-02 -0.39748E-02 -0.85668E-02 -0.14598E-01 -0.21846E-01 -0.30091E-01 -0.39123E-01
 -0.48744E-01 -0.58772E-01 -0.69039E-01 -0.79395E-01 -0.89711E-01 -0.99872E-01 -0.10979E+00 -0.11937E+00
 -0.12857E+00 -0.13732E+00 -0.14560E+00 -0.15338E+00 -0.16063E+00 -0.16736E+00 -0.17355E+00 -0.17921E+00
 -0.18433E+00 -0.18894E+00 -0.19302E+00 -0.19659E+00 -0.19965E+00 -0.20221E+00 -0.20427E+00 -0.20582E+00
 -0.20688E+00 -0.20742E+00 -0.20744E+00 -0.20693E+00 -0.20587E+00 -0.20424E+00 -0.20203E+00 -0.19921E+00
 -0.19577E+00 -0.19166E+00 -0.18689E+00 -0.18142E+00 -0.17524E+00 -0.16835E+00 -0.16074E+00 -0.15243E+00
 -0.14344E+00 -0.13381E+00 -0.12359E+00 -0.11286E+00 -0.10171E+00 -0.90269E-01 -0.78675E-01 -0.67094E-01
 -0.55716E-01 -0.44751E-01 -0.34426E-01 -0.24986E-01 -0.16684E-01 -0.97790E-02 -0.45294E-02 -0.11890E-02
  0.00000E+00  0.00000E+00
  0.00000E+00 -0.11023E-02 -0.41817E-02 -0.89995E-02 -0.15312E-01 -0.22875E-01 -0.31452E-01 -0.40815E-01
 -0.50751E-01 -0.61064E-01 -0.71578E-01 -0.82137E-01 -0.92604E-01 -0.10287E+00 -0.11283E+00 -0.12241E+00
 -0.13156E+00 -0.14023E+00 -0.14838E+00 -0.15601E+00 -0.16309E+00 -0.16962E+00 -0.17562E+00 -0.18107E+00
 -0.18601E+00 -0.19042E+00 -0.19433E+00 -0.19776E+00 -0.20069E+00 -0.20316E+00 -0.20515E+00 -0.20668E+00
 -0.20774E+00 -0.20832E+00 -0.20843E+00 -0.20803E+00 -0.20712E+00 -0.20568E+00 -0.20368E+00 -0.20110E+00
 -0.19791E+00 -0.19408E+00 -0.18958E+00 -0.18438E+00 -0.17847E+00 -0.17183E+00 -0.16444E+00 -0.15631E+00
 -0.14745E+00 -0.13790E+00 -0.12769E+00 -0.11691E+00 -0.10563E+00 -0.93994E-01 -0.82131E-01 -0.70218E-01
 -0.58453E-01 -0.47060E-01 -0.36285E-01 -0.26392E-01 -0.17659E-01 -0.10370E-01 -0.48124E-02 -0.12660E-02
  0.00000E+00  0.00000E+00
  0.00000E+00 -0.11626E-02 -0.44027E-02 -0.94596E-02 -0.16066E-01 -0.23957E-01 -0.32874E-01 -0.42569E-01
 -0.52813E-01 -0.63396E-01 -0.74132E-01 -0.84858E-01 -0.95434E-01 -0.10574E+00 -0.11570E+00 -0.12521E+00
 -0.13425E+00 -0.14275E+00 -0.15071E+00 -0.15811E+00 -0.16494E+00 -0.17121E+00 -0.17694E+00 -0.18213E+00
 -0.18680E+00 -0.19098E+00 -0.19467E+00 -0.19789E+00 -0.20067E+00 -0.20300E+00 -0.20491E+00 -0.20638E+00
 -0.20744E+00 -0.20806E+00 -0.20824E+00 -0.20797E+00 -0.20723E+00 -0.20600E+00 -0.20425E+00 -0.20194E+00
 -0.19906E+00 -0.19555E+00 -0.19139E+00 -0.18655E+00 -0.18098E+00 -0.17466E+00 -0.16757E+00 -0.15971E+00
 -0.15107E+00 -0.14168E+00 -0.13157E+00 -0.12080E+00 -0.10947E+00 -0.97691E-01 -0.85605E-01 -0.73393E-01
 -0.61262E-01 -0.49451E-01 -0.38224E-01 -0.27869E-01 -0.18689E-01 -0.10999E-01 -0.51145E-02 -0.13486E-02
  0.00000E+00  0.00000E+00
  0.00000E+00 -0.12276E-02 -0.46402E-02 -0.99516E-02 -0.16869E-01 -0.25101E-01 -0.34364E-01 -0.44391E-01
 -0.54933E-01 -0.65767E-01 -0.76694E-01 -0.87546E-01 -0.98178E-01 -0.10848E+00 -0.11835E+00 -0.12773E+00
 -0.13656E+00 -0.14483E+00 -0.15250E+00 -0.15959E+00 -0.16609E+00 -0.17202E+00 -0.17740E+00 -0.18225E+00
 -0.18660E+00 -0.19046E+00 -0.19387E+00 -0.19685E+00 -0.19942E+00 -0.20159E+00 -0.20337E+00 -0.20478E+00
 -0.20581E+00 -0.20646E+00 -0.20672E+00 -0.20659E+00 -0.20603E+00 -0.20504E+00 -0.20356E+00 -0.20158E+00
 -0.19905E+00 -0.19594E+00 -0.19219E+00 -0.18776E+00 -0.18262E+00 -0.17672E+00 -0.17003E+00 -0.16253E+00
 -0.15421E+00 -0.14507E+00 -0.13515E+00 -0.12449E+00 -0.11318E+00 -0.10133E+00 -0.89074E-01 -0.76605E-01
 -0.64138E-01 -0.51924E-01 -0.40248E-01 -0.29422E-01 -0.19780E-01 -0.11668E-01 -0.54380E-02 -0.14375E-02
  0.00000E+00  0.00000E+00
  0.00000E+00 -0.12984E-02 -0.48971E-02 -0.10481E-01 -0.17728E-01 -0.26315E-01 -0.35934E-01 -0.46291E-01
 -0.57118E-01 -0.68176E-01 -0.79256E-01 -0.90182E-01 -0.10081E+00 -0.11102E+00 -0.12074E+00 -0.12989E+00
 -0.13844E+00 -0.14636E+00 -0.15366E+00 -0.16034E+00 -0.16642E+00 -0.17192E+00 -0.17687E+00 -0.18130E+00
 -0.18524E+00 -0.18873E+00 -0.19180E+00 -0.19448E+00 -0.19679E+00 -0.19875E+00 -0.20038E+00 -0.20168E+00
 -0.20267E+00 -0.20334E+00 -0.20369E+00 -0.20370E+00 -0.20335E+00 -0.20261E+00 -0.20145E+00 -0.19984E+00
 -0.19772E+00 -0.19506E+00 -0.19179E+00 -0.18787E+00 -0.18324E+00 -0.17785E+00 -0.17167E+00 -0.16464E+00
 -0.15674E+00 -0.14797E+00 -0.13835E+00 -0.12790E+00 -0.11670E+00 -0.10486E+00 -0.92508E-01 -0.79838E-01
 -0.67072E-01 -0.54477E-01 -0.42359E-01 -0.31057E-01 -0.20937E-01 -0.12382E-01 -0.57855E-02 -0.15336E-02
  0.00000E+00  0.00000E+00
  0.00000E+00 -0.13759E-02 -0.51771E-02 -0.11055E-01 -0.18651E-01 -0.27611E-01 -0.37593E-01 -0.48276E-01
 -0.59371E-01 -0.70621E-01 -0.81808E-01 -0.92748E-01 -0.10330E+00 -0.11334E+00 -0.12280E+00 -0.13163E+00
 -0.13978E+00 -0.14727E+00 -0.15409E+00 -0.16026E+00 -0.16581E+00 -0.17077E+00 -0.17520E+00 -0.17912E+00
 -0.18258E+00 -0.18563E+00 -0.18829E+00 -0.19060E+00 -0.19260E+00 -0.19431E+00 -0.19574E+00 -0.19692E+00
 -0.19785E+00 -0.19854E+00 -0.19896E+00 -0.19912E+00 -0.19898E+00 -0.19853E+00 -0.19772E+00 -0.19652E+00
 -0.19487E+00 -0.19273E+00 -0.19002E+00 -0.18669E+00 -0.18268E+00 -0.17791E+00 -0.17233E+00 -0.16589E+00
 -0.15855E+00 -0.15027E+00 -0.14107E+00 -0.13095E+00 -0.11997E+00 -0.10824E+00 -0.95875E-01 -0.83070E-01
 -0.70055E-01 -0.57110E-01 -0.44562E-01 -0.32780E-01 -0.22167E-01 -0.13148E-01 -0.61600E-02 -0.16378E-02
  0.00000E+00  0.00000E+00
  0.00000E+00 -0.14617E-02 -0.54850E-02 -0.11682E-01 -0.19653E-01 -0.29004E-01 -0.39356E-01 -0.50359E-01
 -0.61698E-01 -0.73100E-01 -0.84334E-01 -0.95214E-01 -0.10560E+00 -0.11537E+00 -0.12447E+00 -0.13286E+00
 -0.14051E+00 -0.14743E+00 -0.15364E+00 -0.15919E+00 -0.16410E+00 -0.16843E+00 -0.17223E+00 -0.17555E+00
 -0.17845E+00 -0.18096E+00 -0.18314E+00 -0.18503E+00 -0.18667E+00 -0.18808E+00 -0.18929E+00 -0.19031E+00
 -0.19116E+00 -0.19183E+00 -0.19233E+00 -0.19264E+00 -0.19274E+00 -0.19260E+00 -0.19218E+00 -0.19143E+00
 -0.19031E+00 -0.18875E+00 -0.18668E+00 -0.18403E+00 -0.18073E+00 -0.17670E+00 -0.17186E+00 -0.16614E+00
 -0.15948E+00 -0.15184E+00 -0.14319E+00 -0.13353E+00 -0.12291E+00 -0.11140E+00 -0.99131E-01 -0.86276E-01
 -0.73074E-01 -0.59819E-01 -0.46861E-01 -0.34599E-01 -0.23478E-01 -0.13971E-01 -0.65656E-02 -0.17514E-02
  0.00000E+00  0.00000E+00
  0.00000E+00 -0.15574E-02 -0.58264E-02 -0.12372E-01 -0.20746E-01 -0.30508E-01 -0.41238E-01 -0.52550E-01
 -0.64103E-01 -0.75606E-01 -0.86817E-01 -0.97548E-01 -0.10766E+00 -0.11705E+00 -0.12566E+00 -0.13348E+00
 -0.14048E+00 -0.14671E+00 -0.15220E+00 -0.15699E+00 -0.16114E+00 -0.16472E+00 -0.16779E+00 -0.17041E+00
 -0.17265E+00 -0.17455E+00 -0.17618E+00 -0.17759E+00 -0.17880E+00 -0.17986E+00 -0.18080E+00 -0.18164E+00
 -0.18238E+00 -0.18304E+00 -0.18360E+00 -0.18407E+00 -0.18441E+00 -0.18460E+00 -0.18459E+00 -0.18435E+00
 -0.18381E+00 -0.18290E+00 -0.18155E+00 -0.17968E+00 -0.17720E+00 -0.17402E+00 -0.17004E+00 -0.16519E+00
 -0.15937E+00 -0.15251E+00 -0.14458E+00 -0.13555E+00 -0.12543E+00 -0.11428E+00 -0.10222E+00 -0.89421E-01
 -0.76112E-01 -0.62601E-01 -0.49260E-01 -0.36524E-01 -0.24882E-01 -0.14860E-01 -0.70071E-02 -0.18760E-02
  0.00000E+00  0.00000E+00
  0.00000E+00 -0.16653E-02 -0.62085E-02 -0.13138E-01 -0.21950E-01 -0.32146E-01 -0.43259E-01 -0.54864E-01
 -0.66590E-01 -0.78128E-01 -0.89229E-01 -0.99704E-01 -0.10942E+00 -0.11829E+00 -0.12627E+00 -0.13336E+00
 -0.13958E+00 -0.14497E+00 -0.14957E+00 -0.15347E+00 -0.15674E+00 -0.15945E+00 -0.16168E+00 -0.16350E+00
 -0.16498E+00 -0.16619E+00 -0.16720E+00 -0.16804E+00 -0.16878E+00 -0.16945E+00 -0.17008E+00 -0.17069E+00
 -0.17131E+00 -0.17193E+00 -0.17255E+00 -0.17317E+00 -0.17377E+00 -0.17431E+00 -0.17475E+00 -0.17505E+00
 -0.17514E+00 -0.17495E+00 -0.17440E+00 -0.17340E+00 -0.17185E+00 -0.16965E+00 -0.16668E+00 -0.16283E+00
 -0.15801E+00 -0.15212E+00 -0.14508E+00 -0.13685E+00 -0.12741E+00 -0.11679E+00 -0.10509E+00 -0.92463E-01
 -0.79146E-01 -0.65448E-01 -0.51765E-01 -0.38566E-01 -0.26390E-01 -0.15825E-01 -0.74906E-02 -0.20136E-02
  0.00000E+00  0.00000E+00
  0.00000E+00 -0.17883E-02 -0.66406E-02 -0.13998E-01 -0.23285E-01 -0.33940E-01 -0.45439E-01 -0.57312E-01
 -0.69159E-01 -0.80651E-01 -0.91534E-01 -0.10162E+00 -0.11080E+00 -0.11899E+00 -0.12618E+00 -0.13238E+00
 -0.13763E+00 -0.14201E+00 -0.14559E+00 -0.14845E+00 -0.15069E+00 -0.15240E+00 -0.15367E+00 -0.15458E+00
 -0.15522E+00 -0.15566E+00 -0.15596E+00 -0.15619E+00 -0.15640E+00 -0.15662E+00 -0.15690E+00 -0.15726E+00
 -0.15772E+00 -0.15829E+00 -0.15896E+00 -0.15974E+00 -0.16059E+00 -0.16150E+00 -0.16242E+00 -0.16329E+00
 -0.16407E+00 -0.16466E+00 -0.16499E+00 -0.16495E+00 -0.16444E+00 -0.16334E+00 -0.16151E+00 -0.15885E+00
 -0.15520E+00 -0.15046E+00 -0.14451E+00 -0.13727E+00 -0.12871E+00 -0.11881E+00 -0.10764E+00 -0.95349E-01
 -0.82147E-01 -0.68352E-01 -0.54380E-01 -0.40737E-01 -0.28017E-01 -0.16878E-01 -0.80239E-02 -0.21667E-02
  0.00000E+00  0.00000E+00
  0.00000E+00 -0.19299E-02 -0.71338E-02 -0.14969E-01 -0.24777E-01 -0.35917E-01 -0.47800E-01 -0.59907E-01
 -0.71803E-01 -0.83145E-01 -0.93677E-01 -0.10322E+00 -0.11168E+00 -0.11901E+00 -0.12521E+00 -0.13033E+00
 -0.13444E+00 -0.13764E+00 -0.14002E+00 -0.14169E+00 -0.14276E+00 -0.14334E+00 -0.14354E+00 -0.14344E+00
 -0.14314E+00 -0.14272E+00 -0.14225E+00 -0.14180E+00 -0.14141E+00 -0.14115E+00 -0.14104E+00 -0.14111E+00
 -0.14139E+00 -0.14189E+00 -0.14260E+00 -0.14353E+00 -0.14465E+00 -0.14593E+00 -0.14734E+00 -0.14883E+00
 -0.15033E+00 -0.15176E+00 -0.15304E+00 -0.15405E+00 -0.15469E+00 -0.15481E+00 -0.15429E+00 -0.15296E+00
 -0.15067E+00 -0.14728E+00 -0.14264E+00 -0.13663E+00 -0.12916E+00 -0.12021E+00 -0.10979E+00 -0.98008E-01
 -0.85073E-01 -0.71297E-01 -0.57108E-01 -0.43052E-01 -0.29781E-01 -0.18037E-01 -0.86167E-02 -0.23385E-02
  0.00000E+00  0.00000E+00
  0.00000E+00 -0.20948E-02 -0.77026E-02 -0.16078E-01 -0.26458E-01 -0.38110E-01 -0.50368E-01 -0.62656E-01
 -0.74509E-01 -0.85568E-01 -0.95583E-01 -0.10440E+00 -0.11193E+00 -0.11818E+00 -0.12318E+00 -0.12701E+00
 -0.12977E+00 -0.13159E+00 -0.13260E+00 -0.13291E+00 -0.13267E+00 -0.13200E+00 -0.13100E+00 -0.12979E+00
 -0.12847E+00 -0.12711E+00 -0.12580E+00 -0.12461E+00 -0.12359E+00 -0.12280E+00 -0.12226E+00 -0.12202E+00
 -0.12210E+00 -0.12251E+00 -0.12325E+00 -0.12431E+00 -0.12570E+00 -0.12737E+00 -0.12929E+00 -0.13141E+00
 -0.13367E+00 -0.13599E+00 -0.13828E+00 -0.14042E+00 -0.14231E+00 -0.14378E+00 -0.14469E+00 -0.14487E+00
 -0.14414E+00 -0.14231E+00 -0.13921E+00 -0.13468E+00 -0.12857E+00 -0.12082E+00 -0.11139E+00 -0.10035E+00
 -0.87870E-01 -0.74259E-01 -0.59951E-01 -0.45527E-01 -0.31706E-01 -0.19321E-01 -0.92816E-02 -0.25334E-02
  0.00000E+00  0.00000E+00
  0.00000E+00 -0.22889E-02 -0.83653E-02 -0.17355E-01 -0.28367E-01 -0.40555E-01 -0.53164E-01 -0.65560E-01
 -0.77244E-01 -0.87852E-01 -0.97147E-01 -0.10500E+00 -0.11137E+00 -0.11629E+00 -0.11984E+00 -0.12214E+00
 -0.12334E+00 -0.12358E+00 -0.12303E+00 -0.12183E+00 -0.12013E+00 -0.11807E+00 -0.11577E+00 -0.11336E+00
 -0.11093E+00 -0.10857E+00 -0.10637E+00 -0.10439E+00 -0.10269E+00 -0.10133E+00 -0.10034E+00 -0.99763E-01
 -0.99615E-01 -0.99914E-01 -0.10066E+00 -0.10187E+00 -0.10351E+00 -0.10556E+00 -0.10800E+00 -0.11077E+00
 -0.11381E+00 -0.11706E+00 -0.12041E+00 -0.12376E+00 -0.12698E+00 -0.12992E+00 -0.13241E+00 -0.13426E+00
 -0.13527E+00 -0.13523E+00 -0.13392E+00 -0.13114E+00 -0.12668E+00 -0.12042E+00 -0.11227E+00 -0.10224E+00
 -0.90460E-01 -0.77202E-01 -0.62904E-01 -0.48181E-01 -0.33818E-01 -0.20754E-01 -0.10035E-01 -0.27569E-02
  0.00000E+00  0.00000E+00
  0.00000E+00 -0.25202E-02 -0.91456E-02 -0.18838E-01 -0.30547E-01 -0.43291E-01 -0.56211E-01 -0.68608E-01
 -0.79956E-01 -0.89896E-01 -0.98216E-01 -0.10483E+00 -0.10975E+00 -0.11306E+00 -0.11489E+00 -0.11541E+00
 -0.11481E+00 -0.11326E+00 -0.11097E+00 -0.10809E+00 -0.10479E+00 -0.10123E+00 -0.97536E-01 -0.93833E-01
 -0.90227E-01 -0.86810E-01 -0.83664E-01 -0.80860E-01 -0.78455E-01 -0.76501E-01 -0.75039E-01 -0.74100E-01
 -0.73709E-01 -0.73884E-01 -0.74632E-01 -0.75954E-01 -0.77841E-01 -0.80274E-01 -0.83224E-01 -0.86649E-01
 -0.90494E-01 -0.94687E-01 -0.99141E-01 -0.10375E+00 -0.10837E+00 -0.11287E+00 -0.11706E+00 -0.12075E+00
 -0.12370E+00 -0.12567E+00 -0.12642E+00 -0.12567E+00 -0.12319E+00 -0.11876E+00 -0.11222E+00 -0.10353E+00
 -0.92733E-01 -0.80069E-01 -0.65955E-01 -0.51030E-01 -0.36150E-01 -0.22370E-01 -0.10897E-01 -0.30162E-02
  0.00000E+00  0.00000E+00
  0.00000E+00 -0.27991E-02 -0.10074E-01 -0.20576E-01 -0.33054E-01 -0.46360E-01 -0.59517E-01 -0.71763E-01
 -0.82554E-01 -0.91547E-01 -0.98579E-01 -0.10362E+00 -0.10676E+00 -0.10813E+00 -0.10794E+00 -0.10641E+00
 -0.10377E+00 -0.10022E+00 -0.95999E-01 -0.91290E-01 -0.86273E-01 -0.81108E-01 -0.75936E-01 -0.70881E-01
 -0.66050E-01 -0.61536E-01 -0.57418E-01 -0.53765E-01 -0.50634E-01 -0.48072E-01 -0.46120E-01 -0.44808E-01
 -0.44163E-01 -0.44201E-01 -0.44932E-01 -0.46359E-01 -0.48479E-01 -0.51276E-01 -0.54727E-01 -0.58797E-01
 -0.63437E-01 -0.68584E-01 -0.74154E-01 -0.80048E-01 -0.86137E-01 -0.92272E-01 -0.98271E-01 -0.10392E+00
 -0.10899E+00 -0.11320E+00 -0.11627E+00 -0.11787E+00 -0.11770E+00 -0.11548E+00 -0.11096E+00 -0.10398E+00
 -0.94537E-01 -0.82774E-01 -0.69077E-01 -0.54090E-01 -0.38738E-01 -0.24207E-01 -0.11896E-01 -0.33212E-02
  0.00000E+00  0.00000E+00
  0.00000E+00 -0.31397E-02 -0.11190E-01 -0.22628E-01 -0.35948E-01 -0.49800E-01 -0.63078E-01 -0.74956E-01
 -0.84889E-01 -0.92582E-01 -0.97938E-01 -0.10102E+00 -0.10198E+00 -0.10107E+00 -0.98536E-01 -0.94665E-01
 -0.89728E-01 -0.83983E-01 -0.77668E-01 -0.70994E-01 -0.64152E-01 -0.57305E-01 -0.50597E-01 -0.44150E-01
 -0.38068E-01 -0.32440E-01 -0.27342E-01 -0.22835E-01 -0.18975E-01 -0.15805E-01 -0.13361E-01 -0.11674E-01
 -0.10767E-01 -0.10658E-01 -0.11359E-01 -0.12876E-01 -0.15207E-01 -0.18346E-01 -0.22274E-01 -0.26965E-01
 -0.32379E-01 -0.38462E-01 -0.45142E-01 -0.52327E-01 -0.59901E-01 -0.67718E-01 -0.75602E-01 -0.83339E-01
 -0.90680E-01 -0.97333E-01 -0.10297E+00 -0.10724E+00 -0.10976E+00 -0.11016E+00 -0.10810E+00 -0.10331E+00
 -0.95655E-01 -0.85186E-01 -0.72215E-01 -0.57369E-01 -0.41626E-01 -0.26318E-01 -0.13068E-01 -0.36854E-02
  0.00000E+00  0.00000E+00
  0.00000E+00 -0.35613E-02 -0.12547E-01 -0.25070E-01 -0.39300E-01 -0.53643E-01 -0.66851E-01 -0.78053E-01
 -0.86732E-01 -0.92671E-01 -0.95880E-01 -0.96531E-01 -0.94894E-01 -0.91296E-01 -0.86079E-01 -0.79582E-01
 -0.72122E-01 -0.63990E-01 -0.55441E-01 -0.46700E-01 -0.37961E-01 -0.29387E-01 -0.21118E-01 -0.13270E-01
 -0.59402E-02  0.79013E-03  0.68537E-02  0.12194E-01  0.16766E-01  0.20529E-01  0.23452E-01  0.25507E-01
  0.26674E-01  0.26934E-01  0.26275E-01  0.24688E-01  0.22169E-01  0.18721E-01  0.14352E-01  0.90807E-02
  0.29351E-02 -0.40432E-02 -0.11796E-01 -0.20246E-01 -0.29291E-01 -0.38799E-01 -0.48603E-01 -0.58497E-01
 -0.68230E-01 -0.77500E-01 -0.85957E-01 -0.93201E-01 -0.98790E-01 -0.10226E+00 -0.10317E+00 -0.10110E+00
 -0.95777E-01 -0.87103E-01 -0.75274E-01 -0.60856E-01 -0.44860E-01 -0.28764E-01 -0.14461E-01 -0.41273E-02
  0.00000E+00  0.00000E+00
  0.00000E+00 -0.40912E-02 -0.14214E-01 -0.27996E-01 -0.43183E-01 -0.57895E-01 -0.70738E-01 -0.80828E-01
 -0.87725E-01 -0.91339E-01 -0.91830E-01 -0.89515E-01 -0.84795E-01 -0.78101E-01 -0.69858E-01 -0.60463E-01
 -0.50275E-01 -0.39604E-01 -0.28722E-01 -0.17854E-01 -0.71911E-02  0.31110E-02  0.12923E-01  0.22141E-01
  0.30679E-01  0.38467E-01  0.45450E-01  0.51580E-01  0.56822E-01  0.61142E-01  0.64515E-01  0.66919E-01
  0.68334E-01  0.68744E-01  0.68136E-01  0.66498E-01  0.63823E-01  0.60105E-01  0.55346E-01  0.49553E-01
  0.42740E-01  0.34935E-01  0.26179E-01  0.16530E-01  0.60705E-02 -0.50872E-02 -0.16797E-01 -0.28868E-01
 -0.41059E-01 -0.53073E-01 -0.64545E-01 -0.75044E-01 -0.84076E-01 -0.91093E-01 -0.95519E-01 -0.96798E-01
 -0.94460E-01 -0.88218E-01 -0.78086E-01 -0.64508E-01 -0.48483E-01 -0.31625E-01 -0.16142E-01 -0.46734E-02
  0.00000E+00  0.00000E+00
  0.00000E+00 -0.47683E-02 -0.16289E-01 -0.31520E-01 -0.47666E-01 -0.62510E-01 -0.74536E-01 -0.82905E-01
 -0.87324E-01 -0.87901E-01 -0.84999E-01 -0.79115E-01 -0.70798E-01 -0.60594E-01 -0.49005E-01 -0.36481E-01
 -0.23406E-01 -0.10106E-01  0.31497E-02  0.16144E-01  0.28699E-01  0.40675E-01  0.51962E-01  0.62470E-01
  0.72132E-01  0.80895E-01  0.88716E-01  0.95562E-01  0.10141E+00  0.10623E+00  0.11000E+00  0.11272E+00
  0.11436E+00  0.11491E+00  0.11436E+00  0.11270E+00  0.10990E+00  0.10596E+00  0.10088E+00  0.94637E-01
  0.87247E-01  0.78714E-01  0.69061E-01  0.58322E-01  0.46555E-01  0.33844E-01  0.20309E-01  0.61098E-02
 -0.85355E-02 -0.23346E-01 -0.37965E-01 -0.51948E-01 -0.64762E-01 -0.75784E-01 -0.84320E-01 -0.89646E-01
 -0.91074E-01 -0.88063E-01 -0.80367E-01 -0.68220E-01 -0.52524E-01 -0.34997E-01 -0.18199E-01 -0.53616E-02
  0.00000E+00  0.00000E+00
  0.00000E+00 -0.56503E-02 -0.18902E-01 -0.35780E-01 -0.52788E-01 -0.67344E-01 -0.77870E-01 -0.83670E-01
 -0.84711E-01 -0.81383E-01 -0.74311E-01 -0.64206E-01 -0.51778E-01 -0.37680E-01 -0.22483E-01 -0.66679E-02
  0.93680E-02  0.25306E-01  0.40893E-01  0.55934E-01  0.70275E-01  0.83803E-01  0.96431E-01  0.10810E+00
  0.11875E+00  0.12836E+00  0.13690E+00  0.14435E+00  0.15071E+00  0.15594E+00  0.16006E+00  0.16304E+00
  0.16487E+00  0.16555E+00  0.16506E+00  0.16338E+00  0.16051E+00  0.15641E+00  0.15107E+00  0.14449E+00
  0.13663E+00  0.12750E+00  0.11710E+00  0.10543E+00  0.92515E-01  0.78415E-01  0.63208E-01  0.47016E-01
  0.30015E-01  0.12451E-01 -0.53474E-02 -0.22951E-01 -0.39811E-01 -0.55257E-01 -0.68492E-01 -0.78623E-01
 -0.84721E-01 -0.85929E-01 -0.81647E-01 -0.71768E-01 -0.56971E-01 -0.38991E-01 -0.20755E-01 -0.62489E-02
  0.00000E+00  0.00000E+00
  0.00000E+00 -0.68251E-02 -0.22233E-01 -0.40923E-01 -0.58513E-01 -0.72064E-01 -0.80068E-01 -0.82146E-01
 -0.78667E-01 -0.70411E-01 -0.58320E-01 -0.43339E-01 -0.26333E-01 -0.80414E-02  0.10924E-01  0.30074E-01
  0.49030E-01  0.67501E-01  0.85270E-01  0.10218E+00  0.11811E+00  0.13298E+00  0.14675E+00  0.15937E+00
  0.17083E+00  0.18112E+00  0.19022E+00  0.19814E+00  0.20487E+00  0.21042E+00  0.21479E+00  0.21797E+00
  0.21995E+00  0.22073E+00  0.22030E+00  0.21863E+00  0.21572E+00  0.21152E+00  0.20603E+00  0.19921E+00
  0.19103E+00  0.18147E+00  0.17050E+00  0.15810E+00  0.14427E+00  0.12902E+00  0.11238E+00  0.94433E-01
  0.75291E-01  0.55145E-01  0.34269E-01  0.13047E-01 -0.79984E-02 -0.28184E-01 -0.46649E-01 -0.62355E-01
 -0.74125E-01 -0.80744E-01 -0.81146E-01 -0.74720E-01 -0.61718E-01 -0.43719E-01 -0.23980E-01 -0.74225E-02
  0.00000E+00  0.00000E+00
  0.00000E+00 -0.84316E-02 -0.26527E-01 -0.47078E-01 -0.64621E-01 -0.75981E-01 -0.79975E-01 -0.76798E-01
 -0.67410E-01 -0.53083E-01 -0.35114E-01 -0.14676E-01  0.72507E-02  0.29878E-01  0.52601E-01  0.74965E-01
  0.96639E-01  0.11739E+00  0.13706E+00  0.15553E+00  0.17275E+00  0.18868E+00  0.20331E+00  0.21662E+00
  0.22864E+00  0.23937E+00  0.24883E+00  0.25704E+00  0.26400E+00  0.26974E+00  0.27425E+00  0.27755E+00
  0.27962E+00  0.28048E+00  0.28010E+00  0.27846E+00  0.27556E+00  0.27134E+00  0.26580E+00  0.25888E+00
  0.25054E+00  0.24074E+00  0.22943E+00  0.21656E+00  0.20210E+00  0.18602E+00  0.16829E+00  0.14893E+00
  0.12799E+00  0.10559E+00  0.81915E-01  0.57268E-01  0.32097E-01  0.70384E-02 -0.17042E-01 -0.39018E-01
 -0.57501E-01 -0.70901E-01 -0.77595E-01 -0.76266E-01 -0.66449E-01 -0.49255E-01 -0.28101E-01 -0.90203E-02
  0.00000E+00  0.00000E+00
  0.00000E+00 -0.10696E-01 -0.32104E-01 -0.54257E-01 -0.70500E-01 -0.77762E-01 -0.75640E-01 -0.65256E-01
 -0.48369E-01 -0.26813E-01 -0.22275E-02  0.24053E-01  0.50999E-01  0.77853E-01  0.10408E+00  0.12930E+00
  0.15329E+00  0.17588E+00  0.19700E+00  0.21661E+00  0.23471E+00  0.25130E+00  0.26642E+00  0.28010E+00
  0.29237E+00  0.30328E+00  0.31286E+00  0.32114E+00  0.32815E+00  0.33392E+00  0.33846E+00  0.34177E+00
  0.34388E+00  0.34477E+00  0.34443E+00  0.34285E+00  0.34000E+00  0.33585E+00  0.33037E+00  0.32349E+00
  0.31518E+00  0.30537E+00  0.29399E+00  0.28096E+00  0.26622E+00  0.24969E+00  0.23130E+00  0.21101E+00
  0.18878E+00  0.16464E+00  0.13866E+00  0.11103E+00  0.82070E-01  0.52296E-01  0.22489E-01 -0.62386E-02
 -0.32379E-01 -0.54020E-01 -0.68943E-01 -0.74932E-01 -0.70420E-01 -0.55531E-01 -0.33411E-01 -0.11268E-01
  0.00000E+00  0.00000E+00
  0.00000E+00 -0.13993E-01 -0.39325E-01 -0.62106E-01 -0.74700E-01 -0.74915E-01 -0.63836E-01 -0.43941E-01
 -0.17934E-01  0.11810E-01  0.43425E-01  0.75544E-01  0.10722E+00  0.13782E+00  0.16695E+00  0.19440E+00
  0.22003E+00  0.24383E+00  0.26579E+00  0.28595E+00  0.30439E+00  0.32115E+00  0.33632E+00  0.34995E+00
  0.36213E+00  0.37290E+00  0.38232E+00  0.39043E+00  0.39729E+00  0.40292E+00  0.40734E+00  0.41058E+00
  0.41264E+00  0.41352E+00  0.41321E+00  0.41170E+00  0.40897E+00  0.40497E+00  0.39967E+00  0.39301E+00
  0.38493E+00  0.37536E+00  0.36420E+00  0.35137E+00  0.33676E+00  0.32025E+00  0.30175E+00  0.28111E+00
  0.25825E+00  0.23308E+00  0.20555E+00  0.17569E+00  0.14364E+00  0.10972E+00  0.74516E-01  0.38982E-01
  0.45696E-02 -0.26648E-01 -0.51940E-01 -0.68090E-01 -0.72010E-01 -0.62059E-01 -0.40218E-01 -0.14540E-01
  0.00000E+00  0.00000E+00
  0.00000E+00 -0.18941E-01 -0.48386E-01 -0.69270E-01 -0.74061E-01 -0.62922E-01 -0.39379E-01 -0.76091E-02
  0.28785E-01  0.67110E-01  0.10552E+00  0.14284E+00  0.17838E+00  0.21175E+00  0.24279E+00  0.27147E+00
  0.29782E+00  0.32194E+00  0.34394E+00  0.36394E+00  0.38205E+00  0.39841E+00  0.41310E+00  0.42624E+00
  0.43791E+00  0.44819E+00  0.45714E+00  0.46484E+00  0.47132E+00  0.47663E+00  0.48079E+00  0.48383E+00
  0.48576E+00  0.48659E+00  0.48630E+00  0.48489E+00  0.48233E+00  0.47858E+00  0.47359E+00  0.46732E+00
  0.45969E+00  0.45063E+00  0.44002E+00  0.42777E+00  0.41375E+00  0.39781E+00  0.37981E+00  0.35955E+00
  0.33688E+00  0.31159E+00  0.28352E+00  0.25253E+00  0.21853E+00  0.18159E+00  0.14196E+00  0.10028E+00
  0.57676E-01  0.16086E-01 -0.21552E-01 -0.51164E-01 -0.67866E-01 -0.67287E-01 -0.48615E-01 -0.19443E-01
  0.00000E+00  0.00000E+00
  0.00000E+00 -0.26436E-01 -0.58549E-01 -0.71880E-01 -0.62040E-01 -0.33884E-01  0.57498E-02  0.51080E-01
  0.98075E-01  0.14424E+00  0.18815E+00  0.22913E+00  0.26691E+00  0.30147E+00  0.33294E+00  0.36149E+00
  0.38733E+00  0.41069E+00  0.43176E+00  0.45074E+00  0.46779E+00  0.48307E+00  0.49672E+00  0.50886E+00
  0.51958E+00  0.52900E+00  0.53717E+00  0.54416E+00  0.55004E+00  0.55484E+00  0.55859E+00  0.56132E+00
  0.56305E+00  0.56378E+00  0.56351E+00  0.56222E+00  0.55988E+00  0.55648E+00  0.55195E+00  0.54625E+00
  0.53931E+00  0.53103E+00  0.52133E+00  0.51007E+00  0.49714E+00  0.48235E+00  0.46554E+00  0.44648E+00
  0.42494E+00  0.40066E+00  0.37333E+00  0.34266E+00  0.30836E+00  0.27015E+00  0.22793E+00  0.18178E+00
  0.13227E+00  0.80736E-01  0.29725E-01 -0.16435E-01 -0.51321E-01 -0.67071E-01 -0.57658E-01 -0.26836E-01
  0.00000E+00  0.00000E+00
  0.00000E+00 -0.37156E-01 -0.65577E-01 -0.60076E-01 -0.25761E-01  0.25322E-01  0.83225E-01  0.14169E+00
  0.19737E+00  0.24877E+00  0.29540E+00  0.33733E+00  0.37486E+00  0.40838E+00  0.43830E+00  0.46502E+00
  0.48888E+00  0.51019E+00  0.52924E+00  0.54624E+00  0.56141E+00  0.57491E+00  0.58691E+00  0.59752E+00
  0.60686E+00  0.61502E+00  0.62208E+00  0.62811E+00  0.63315E+00  0.63726E+00  0.64046E+00  0.64278E+00
  0.64423E+00  0.64483E+00  0.64456E+00  0.64342E+00  0.64139E+00  0.63843E+00  0.63450E+00  0.62956E+00
  0.62353E+00  0.61635E+00  0.60790E+00  0.59807E+00  0.58674E+00  0.57372E+00  0.55884E+00  0.54186E+00
  0.52252E+00  0.50049E+00  0.47541E+00  0.44686E+00  0.41435E+00  0.37735E+00  0.33531E+00  0.28775E+00
  0.23439E+00  0.17550E+00  0.11242E+00  0.48480E-01 -0.97177E-02 -0.51318E-01 -0.62735E-01 -0.37244E-01
  0.00000E+00  0.00000E+00
  0.00000E+00 -0.48030E-01 -0.53986E-01 -0.10781E-01  0.58364E-01  0.13475E+00  0.20842E+00  0.27528E+00
  0.33430E+00  0.38579E+00  0.43054E+00  0.46946E+00  0.50338E+00  0.53305E+00  0.55909E+00  0.58200E+00
  0.60222E+00  0.62011E+00  0.63595E+00  0.64999E+00  0.66243E+00  0.67345E+00  0.68319E+00  0.69176E+00
  0.69928E+00  0.70583E+00  0.71147E+00  0.71626E+00  0.72027E+00  0.72351E+00  0.72603E+00  0.72784E+00
  0.72896E+00  0.72939E+00  0.72914E+00  0.72819E+00  0.72653E+00  0.72412E+00  0.72095E+00  0.71696E+00
  0.71209E+00  0.70628E+00  0.69944E+00  0.69147E+00  0.68226E+00  0.67164E+00  0.65944E+00  0.64545E+00
  0.62940E+00  0.61098E+00  0.58980E+00  0.56539E+00  0.53717E+00  0.50443E+00  0.46633E+00  0.42186E+00
  0.36994E+00  0.30949E+00  0.23989E+00  0.16187E+00  0.79386E-01  0.27738E-02 -0.47941E-01 -0.47156E-01
  0.00000E+00  0.00000E+00
  0.00000E+00 -0.34534E-01  0.23995E-01  0.12468E+00  0.22863E+00  0.32082E+00  0.39818E+00  0.46201E+00
  0.51465E+00  0.55835E+00  0.59494E+00  0.62587E+00  0.65225E+00  0.67490E+00  0.69450E+00  0.71155E+00
  0.72645E+00  0.73951E+00  0.75100E+00  0.76113E+00  0.77005E+00  0.77791E+00  0.78483E+00  0.79090E+00
  0.79619E+00  0.80079E+00  0.80474E+00  0.80809E+00  0.81087E+00  0.81311E+00  0.81484E+00  0.81607E+00
  0.81682E+00  0.81708E+00  0.81686E+00  0.81616E+00  0.81495E+00  0.81322E+00  0.81094E+00  0.80809E+00
  0.80462E+00  0.80047E+00  0.79559E+00  0.78990E+00  0.78330E+00  0.77568E+00  0.76690E+00  0.75679E+00
  0.74513E+00  0.73166E+00  0.71605E+00  0.69788E+00  0.67662E+00  0.65157E+00  0.62184E+00  0.58623E+00
  0.54319E+00  0.49069E+00  0.42621E+00  0.34702E+00  0.25135E+00  0.14188E+00  0.34019E-01 -0.31396E-01
  0.00000E+00  0.00000E+00
  0.00000E+00  0.12879E+00  0.29437E+00  0.43146E+00  0.53364E+00  0.60847E+00  0.66401E+00  0.70624E+00
  0.73916E+00  0.76542E+00  0.78678E+00  0.80445E+00  0.81926E+00  0.83182E+00  0.84257E+00  0.85183E+00
  0.85987E+00  0.86687E+00  0.87300E+00  0.87837E+00  0.88308E+00  0.88721E+00  0.89084E+00  0.89401E+00
  0.89677E+00  0.89915E+00  0.90120E+00  0.90292E+00  0.90435E+00  0.90549E+00  0.90636E+00  0.90698E+00
  0.90734E+00  0.90745E+00  0.90731E+00  0.90691E+00  0.90625E+00  0.90532E+00  0.90410E+00  0.90258E+00
  0.90073E+00  0.89852E+00  0.89593E+00  0.89291E+00  0.88940E+00  0.88534E+00  0.88065E+00  0.87523E+00
  0.86897E+00  0.86170E+00  0.85323E+00  0.84330E+00  0.83158E+00  0.81762E+00  0.80080E+00  0.78026E+00
  0.75478E+00  0.72253E+00  0.68079E+00  0.62536E+00  0.54995E+00  0.44592E+00  0.30505E+00  0.13371E+00
  0.00000E+00  0.00000E+00
  0.00000E+00  0.00000E+00  0.00000E+00  0.00000E+00  0.00000E+00  0.00000E+00  0.00000E+00  0.00000E+00
  0.00000E+00  0.00000E+00  0.00000E+00  0.00000E+00  0.00000E+00  0.00000E+00  0.00000E+00  0.00000E+00
  0.00000E+00  0.00000E+00  0.00000E+00  0.00000E+00  0.00000E+00  0.00000E+00  0.00000E+00  0.00000E+00
  0.00000E+00  0.00000E+00  0.00000E+00  0.00000E+00  0.00000E+00  0.00000E+00  0.00000E+00  0.00000E+00
  0.00000E+00  0.00000E+00  0.00000E+00  0.00000E+00  0.00000E+00  0.00000E+00  0.00000E+00  0.00000E+00
  0.00000E+00  0.00000E+00  0.00000E+00  0.00000E+00  0.00000E+00  0.00000E+00  0.00000E+00  0.00000E+00
  0.00000E+00  0.00000E+00  0.00000E+00  0.00000E+00  0.00000E+00  0.00000E+00  0.00000E+00  0.00000E+00
  0.00000E+00  0.00000E+00  0.00000E+00  0.00000E+00  0.00000E+00  0.00000E+00  0.00000E+00  0.00000E+00
  0.00000E+00  0.00000E+00
  0.00000E+00  0.00000E+00  0.00000E+00  0.00000E+00  0.00000E+00  0.00000E+00  0.00000E+00  0.00000E+00
  0.00000E+00  0.00000E+00  0.00000E+00  0.00000E+00  0.00000E+00  0.00000E+00  0.00000E+00  0.00000E+00
  0.00000E+00  0.00000E+00  0.00000E+00  0.00000E+00  0.00000E+00  0.00000E+00  0.00000E+00  0.00000E+00
  0.00000E+00  0.00000E+00  0.00000E+00  0.00000E+00  0.00000E+00  0.00000E+00  0.00000E+00  0.00000E+00
  0.00000E+00  0.00000E+00  0.00000E+00  0.00000E+00  0.00000E+00  0.00000E+00  0.00000E+00  0.00000E+00
  0.00000E+00  0.00000E+00  0.00000E+00  0.00000E+00  0.00000E+00  0.00000E+00  0.00000E+00  0.00000E+00
  0.00000E+00  0.00000E+00  0.00000E+00  0.00000E+00  0.00000E+00  0.00000E+00  0.00000E+00  0.00000E+00
  0.00000E+00  0.00000E+00  0.00000E+00  0.00000E+00  0.00000E+00  0.00000E+00  0.00000E+00  0.00000E+00
  0.00000E+00  0.00000E+00
