              vort00 0.50018E+00
    2   65    2   65
  0.15625E-01  0.31250E-01  0.46875E-01  0.62500E-01  0.78125E-01  0.93750E-01  0.10938E+00  0.12500E+00
  0.14063E+00  0.15625E+00  0.17188E+00  0.18750E+00  0.20313E+00  0.21875E+00  0.23438E+00  0.25000E+00
  0.26563E+00  0.28125E+00  0.29688E+00  0.31250E+00  0.32813E+00  0.34375E+00  0.35938E+00  0.37500E+00
  0.39063E+00  0.40625E+00  0.42188E+00  0.43750E+00  0.45313E+00  0.46875E+00  0.48438E+00  0.50000E+00
  0.51563E+00  0.53125E+00  0.54688E+00  0.56250E+00  0.57813E+00  0.59375E+00  0.60938E+00  0.62500E+00
  0.64063E+00  0.65625E+00  0.67188E+00  0.68750E+00  0.70313E+00  0.71875E+00  0.73438E+00  0.75000E+00
  0.76563E+00  0.78125E+00  0.79688E+00  0.81250E+00  0.82813E+00  0.84375E+00  0.85938E+00  0.87500E+00
  0.89063E+00  0.90625E+00  0.92188E+00  0.93750E+00  0.95313E+00  0.96875E+00  0.98438E+00  0.10000E+01
  0.15625E-01  0.31250E-01  0.46875E-01  0.62500E-01  0.78125E-01  0.93750E-01  0.10938E+00  0.12500E+00
  0.14063E+00  0.15625E+00  0.17188E+00  0.18750E+00  0.20313E+00  0.21875E+00  0.23438E+00  0.25000E+00
  0.26563E+00  0.28125E+00  0.29688E+00  0.31250E+00  0.32813E+00  0.34375E+00  0.35938E+00  0.37500E+00
  0.39063E+00  0.40625E+00  0.42188E+00  0.43750E+00  0.45313E+00  0.46875E+00  0.48438E+00  0.50000E+00
  0.51563E+00  0.53125E+00  0.54688E+00  0.56250E+00  0.57813E+00  0.59375E+00  0.60938E+00  0.62500E+00
  0.64063E+00  0.65625E+00  0.67188E+00  0.68750E+00  0.70313E+00  0.71875E+00  0.73438E+00  0.75000E+00
  0.76563E+00  0.78125E+00  0.79688E+00  0.81250E+00  0.82813E+00  0.84375E+00  0.85938E+00  0.87500E+00
  0.89063E+00  0.90625E+00  0.92188E+00  0.93750E+00  0.95313E+00  0.96875E+00  0.98438E+00  0.10000E+01
  0.00000E+00  0.00000E+00  0.00000E+00  0.00000E+00  0.00000E+00  0.00000E+00  0.00000E+00  0.00000E+00
  0.00000E+00  0.00000E+00  0.00000E+00  0.00000E+00  0.00000E+00  0.00000E+00  0.00000E+00  0.00000E+00
  0.00000E+00  0.00000E+00  0.00000E+00  0.00000E+00  0.00000E+00  0.00000E+00  0.00000E+00  0.00000E+00
  0.00000E+00  0.00000E+00  0.00000E+00  0.00000E+00  0.00000E+00  0.00000E+00  0.00000E+00  0.00000E+00
  0.00000E+00  0.00000E+00  0.00000E+00  0.00000E+00  0.00000E+00  0.00000E+00  0.00000E+00  0.00000E+00
  0.00000E+00  0.00000E+00  0.00000E+00  0.00000E+00  0.00000E+00  0.00000E+00  0.00000E+00  0.00000E+00
  0.00000E+00  0.00000E+00  0.00000E+00  0.00000E+00  0.00000E+00  0.00000E+00  0.00000E+00  0.00000E+00
  0.00000E+00  0.00000E+00  0.00000E+00  0.00000E+00  0.00000E+00  0.00000E+00  0.00000E+00  0.00000E+00
  0.00000E+00  0.00000E+00
  0.00000E+00  0.17545E-06 -0.14558E-07 -0.36150E-06 -0.98278E-06 -0.19573E-05 -0.33118E-05 -0.50469E-05
 -0.71497E-05 -0.95998E-05 -0.12368E-04 -0.15417E-04 -0.18700E-04 -0.22164E-04 -0.25758E-04 -0.29437E-04
 -0.33159E-04 -0.36887E-04 -0.40580E-04 -0.44200E-04 -0.47707E-04 -0.51066E-04 -0.54245E-04 -0.57217E-04
 -0.59955E-04 -0.62434E-04 -0.64633E-04 -0.66531E-04 -0.68113E-04 -0.69366E-04 -0.70277E-04 -0.70839E-04
 -0.71045E-04 -0.70894E-04 -0.70384E-04 -0.69520E-04 -0.68307E-04 -0.66754E-04 -0.64874E-04 -0.62682E-04
 -0.60197E-04 -0.57440E-04 -0.54436E-04 -0.51214E-04 -0.47804E-04 -0.44239E-04 -0.40558E-04 -0.36799E-04
 -0.33003E-04 -0.29216E-04 -0.25481E-04 -0.21847E-04 -0.18360E-04 -0.15069E-04 -0.12019E-04 -0.92552E-05
 -0.68188E-05 -0.47440E-05 -0.30562E-05 -0.17656E-05 -0.86076E-06 -0.29702E-06  0.14608E-07  0.20813E-06
  0.00000E+00  0.00000E+00
  0.00000E+00 -0.75776E-07 -0.94369E-06 -0.18546E-05 -0.28690E-05 -0.40751E-05 -0.55266E-05 -0.72505E-05
 -0.92517E-05 -0.11518E-04 -0.14028E-04 -0.16750E-04 -0.19652E-04 -0.22701E-04 -0.25863E-04 -0.29102E-04
 -0.32381E-04 -0.35664E-04 -0.38912E-04 -0.42093E-04 -0.45173E-04 -0.48125E-04 -0.50922E-04 -0.53538E-04
 -0.55948E-04 -0.58131E-04 -0.60065E-04 -0.61734E-04 -0.63124E-04 -0.64222E-04 -0.65019E-04 -0.65509E-04
 -0.65685E-04 -0.65546E-04 -0.65091E-04 -0.64324E-04 -0.63251E-04 -0.61880E-04 -0.60222E-04 -0.58292E-04
 -0.56106E-04 -0.53683E-04 -0.51046E-04 -0.48219E-04 -0.45230E-04 -0.42107E-04 -0.38884E-04 -0.35593E-04
 -0.32270E-04 -0.28952E-04 -0.25678E-04 -0.22484E-04 -0.19411E-04 -0.16494E-04 -0.13769E-04 -0.11269E-04
 -0.90193E-05 -0.70403E-05 -0.53402E-05 -0.39128E-05 -0.27312E-05 -0.17424E-05 -0.86270E-06  0.17230E-07
  0.00000E+00  0.00000E+00
  0.00000E+00 -0.41799E-06 -0.18469E-05 -0.31996E-05 -0.45398E-05 -0.59526E-05 -0.74973E-05 -0.92104E-05
 -0.11109E-04 -0.13197E-04 -0.15465E-04 -0.17896E-04 -0.20468E-04 -0.23156E-04 -0.25932E-04 -0.28769E-04
 -0.31636E-04 -0.34504E-04 -0.37343E-04 -0.40123E-04 -0.42816E-04 -0.45397E-04 -0.47841E-04 -0.50128E-04
 -0.52234E-04 -0.54141E-04 -0.55831E-04 -0.57289E-04 -0.58502E-04 -0.59459E-04 -0.60152E-04 -0.60575E-04
 -0.60724E-04 -0.60597E-04 -0.60194E-04 -0.59519E-04 -0.58576E-04 -0.57374E-04 -0.55923E-04 -0.54235E-04
 -0.52326E-04 -0.50212E-04 -0.47913E-04 -0.45451E-04 -0.42848E-04 -0.40131E-04 -0.37327E-04 -0.34464E-04
 -0.31572E-04 -0.28681E-04 -0.25823E-04 -0.23028E-04 -0.20325E-04 -0.17744E-04 -0.15309E-04 -0.13042E-04
 -0.10957E-04 -0.90631E-05 -0.73555E-05 -0.58166E-05 -0.44105E-05 -0.30794E-05 -0.17406E-05 -0.28689E-06
  0.00000E+00  0.00000E+00
  0.00000E+00 -0.99616E-06 -0.28800E-05 -0.45612E-05 -0.61412E-05 -0.77016E-05 -0.93046E-05 -0.10992E-04
 -0.12791E-04 -0.14712E-04 -0.16758E-04 -0.18921E-04 -0.21189E-04 -0.23544E-04 -0.25966E-04 -0.28434E-04
 -0.30924E-04 -0.33412E-04 -0.35872E-04 -0.38281E-04 -0.40616E-04 -0.42853E-04 -0.44972E-04 -0.46954E-04
 -0.48779E-04 -0.50431E-04 -0.51895E-04 -0.53157E-04 -0.54206E-04 -0.55034E-04 -0.55631E-04 -0.55994E-04
 -0.56119E-04 -0.56004E-04 -0.55651E-04 -0.55062E-04 -0.54242E-04 -0.53198E-04 -0.51939E-04 -0.50478E-04
 -0.48826E-04 -0.46998E-04 -0.45013E-04 -0.42887E-04 -0.40642E-04 -0.38300E-04 -0.35881E-04 -0.33412E-04
 -0.30915E-04 -0.28416E-04 -0.25939E-04 -0.23508E-04 -0.21145E-04 -0.18870E-04 -0.16700E-04 -0.14647E-04
 -0.12717E-04 -0.10909E-04 -0.92092E-05 -0.75931E-05 -0.60189E-05 -0.44265E-05 -0.27344E-05 -0.83771E-06
  0.00000E+00  0.00000E+00
  0.00000E+00 -0.19233E-05 -0.41287E-05 -0.60319E-05 -0.77692E-05 -0.94170E-05 -0.11038E-04 -0.12676E-04
 -0.14364E-04 -0.16120E-04 -0.17953E-04 -0.19863E-04 -0.21846E-04 -0.23890E-04 -0.25983E-04 -0.28108E-04
 -0.30248E-04 -0.32382E-04 -0.34491E-04 -0.36556E-04 -0.38557E-04 -0.40475E-04 -0.42291E-04 -0.43989E-04
 -0.45553E-04 -0.46968E-04 -0.48222E-04 -0.49303E-04 -0.50201E-04 -0.50908E-04 -0.51418E-04 -0.51726E-04
 -0.51829E-04 -0.51728E-04 -0.51422E-04 -0.50914E-04 -0.50209E-04 -0.49314E-04 -0.48236E-04 -0.46986E-04
 -0.45574E-04 -0.44014E-04 -0.42321E-04 -0.40509E-04 -0.38597E-04 -0.36602E-04 -0.34542E-04 -0.32437E-04
 -0.30307E-04 -0.28171E-04 -0.26047E-04 -0.23953E-04 -0.21905E-04 -0.19915E-04 -0.17994E-04 -0.16147E-04
 -0.14371E-04 -0.12658E-04 -0.10990E-04 -0.93360E-05 -0.76518E-05 -0.58776E-05 -0.39352E-05 -0.17263E-05
  0.00000E+00  0.00000E+00
  0.00000E+00 -0.32734E-05 -0.56508E-05 -0.76803E-05 -0.94960E-05 -0.11171E-04 -0.12766E-04 -0.14327E-04
 -0.15888E-04 -0.17472E-04 -0.19093E-04 -0.20758E-04 -0.22467E-04 -0.24216E-04 -0.25998E-04 -0.27800E-04
 -0.29610E-04 -0.31413E-04 -0.33193E-04 -0.34936E-04 -0.36624E-04 -0.38242E-04 -0.39775E-04 -0.41208E-04
 -0.42528E-04 -0.43723E-04 -0.44781E-04 -0.45692E-04 -0.46449E-04 -0.47044E-04 -0.47473E-04 -0.47731E-04
 -0.47816E-04 -0.47728E-04 -0.47468E-04 -0.47038E-04 -0.46443E-04 -0.45688E-04 -0.44780E-04 -0.43729E-04
 -0.42543E-04 -0.41235E-04 -0.39815E-04 -0.38298E-04 -0.36697E-04 -0.35027E-04 -0.33303E-04 -0.31540E-04
 -0.29753E-04 -0.27956E-04 -0.26164E-04 -0.24388E-04 -0.22638E-04 -0.20921E-04 -0.19241E-04 -0.17597E-04
 -0.15981E-04 -0.14380E-04 -0.12770E-04 -0.11120E-04 -0.93833E-05 -0.75029E-05 -0.54058E-05 -0.30035E-05
  0.00000E+00  0.00000E+00
  0.00000E+00 -0.50702E-05 -0.74832E-05 -0.95535E-05 -0.11376E-04 -0.13021E-04 -0.14546E-04 -0.15998E-04
 -0.17410E-04 -0.18809E-04 -0.20214E-04 -0.21634E-04 -0.23076E-04 -0.24540E-04 -0.26022E-04 -0.27516E-04
 -0.29012E-04 -0.30501E-04 -0.31971E-04 -0.33409E-04 -0.34802E-04 -0.36137E-04 -0.37403E-04 -0.38587E-04
 -0.39677E-04 -0.40664E-04 -0.41539E-04 -0.42292E-04 -0.42917E-04 -0.43408E-04 -0.43761E-04 -0.43973E-04
 -0.44043E-04 -0.43969E-04 -0.43753E-04 -0.43398E-04 -0.42907E-04 -0.42285E-04 -0.41539E-04 -0.40676E-04
 -0.39705E-04 -0.38633E-04 -0.37473E-04 -0.36234E-04 -0.34927E-04 -0.33565E-04 -0.32158E-04 -0.30718E-04
 -0.29256E-04 -0.27783E-04 -0.26307E-04 -0.24835E-04 -0.23372E-04 -0.21921E-04 -0.20480E-04 -0.19042E-04
 -0.17598E-04 -0.16128E-04 -0.14608E-04 -0.13003E-04 -0.11270E-04 -0.93526E-05 -0.71863E-05 -0.46927E-05
  0.00000E+00  0.00000E+00
  0.00000E+00 -0.73000E-05 -0.96501E-05 -0.11684E-04 -0.13447E-04 -0.15008E-04 -0.16421E-04 -0.17729E-04
 -0.18969E-04 -0.20168E-04 -0.21346E-04 -0.22519E-04 -0.23694E-04 -0.24877E-04 -0.26067E-04 -0.27262E-04
 -0.28457E-04 -0.29644E-04 -0.30816E-04 -0.31963E-04 -0.33075E-04 -0.34142E-04 -0.35154E-04 -0.36101E-04
 -0.36975E-04 -0.37766E-04 -0.38466E-04 -0.39070E-04 -0.39571E-04 -0.39965E-04 -0.40248E-04 -0.40417E-04
 -0.40472E-04 -0.40413E-04 -0.40241E-04 -0.39958E-04 -0.39567E-04 -0.39073E-04 -0.38482E-04 -0.37799E-04
 -0.37031E-04 -0.36186E-04 -0.35273E-04 -0.34298E-04 -0.33273E-04 -0.32204E-04 -0.31100E-04 -0.29970E-04
 -0.28820E-04 -0.27658E-04 -0.26487E-04 -0.25311E-04 -0.24131E-04 -0.22943E-04 -0.21744E-04 -0.20523E-04
 -0.19264E-04 -0.17949E-04 -0.16549E-04 -0.15031E-04 -0.13352E-04 -0.11462E-04 -0.93005E-05 -0.68012E-05
  0.00000E+00  0.00000E+00
  0.00000E+00 -0.99382E-05 -0.12167E-04 -0.14093E-04 -0.15739E-04 -0.17165E-04 -0.18423E-04 -0.19555E-04
 -0.20596E-04 -0.21575E-04 -0.22515E-04 -0.23432E-04 -0.24337E-04 -0.25239E-04 -0.26140E-04 -0.27042E-04
 -0.27942E-04 -0.28837E-04 -0.29721E-04 -0.30587E-04 -0.31429E-04 -0.32238E-04 -0.33007E-04 -0.33728E-04
 -0.34394E-04 -0.34998E-04 -0.35534E-04 -0.35996E-04 -0.36379E-04 -0.36681E-04 -0.36897E-04 -0.37028E-04
 -0.37071E-04 -0.37027E-04 -0.36897E-04 -0.36684E-04 -0.36390E-04 -0.36019E-04 -0.35576E-04 -0.35066E-04
 -0.34495E-04 -0.33868E-04 -0.33192E-04 -0.32473E-04 -0.31717E-04 -0.30931E-04 -0.30121E-04 -0.29291E-04
 -0.28445E-04 -0.27585E-04 -0.26715E-04 -0.25831E-04 -0.24932E-04 -0.24012E-04 -0.23062E-04 -0.22068E-04
 -0.21014E-04 -0.19877E-04 -0.18630E-04 -0.17238E-04 -0.15661E-04 -0.13853E-04 -0.11761E-04 -0.93271E-05
  0.00000E+00  0.00000E+00
  0.00000E+00 -0.12972E-04 -0.15042E-04 -0.16797E-04 -0.18270E-04 -0.19515E-04 -0.20578E-04 -0.21500E-04
 -0.22315E-04 -0.23054E-04 -0.23739E-04 -0.24389E-04 -0.25018E-04 -0.25635E-04 -0.26247E-04 -0.26857E-04
 -0.27467E-04 -0.28074E-04 -0.28676E-04 -0.29269E-04 -0.29848E-04 -0.30408E-04 -0.30942E-04 -0.31445E-04
 -0.31911E-04 -0.32335E-04 -0.32713E-04 -0.33039E-04 -0.33310E-04 -0.33523E-04 -0.33677E-04 -0.33771E-04
 -0.33803E-04 -0.33775E-04 -0.33687E-04 -0.33542E-04 -0.33342E-04 -0.33091E-04 -0.32793E-04 -0.32450E-04
 -0.32069E-04 -0.31653E-04 -0.31208E-04 -0.30737E-04 -0.30245E-04 -0.29735E-04 -0.29211E-04 -0.28675E-04
 -0.28128E-04 -0.27569E-04 -0.26996E-04 -0.26406E-04 -0.25792E-04 -0.25146E-04 -0.24455E-04 -0.23705E-04
 -0.22874E-04 -0.21941E-04 -0.20877E-04 -0.19649E-04 -0.18219E-04 -0.16543E-04 -0.14575E-04 -0.12265E-04
  0.00000E+00  0.00000E+00
  0.00000E+00 -0.16406E-04 -0.18274E-04 -0.19803E-04 -0.21055E-04 -0.22074E-04 -0.22904E-04 -0.23583E-04
 -0.24146E-04 -0.24621E-04 -0.25034E-04 -0.25403E-04 -0.25745E-04 -0.26071E-04 -0.26390E-04 -0.26707E-04
 -0.27026E-04 -0.27348E-04 -0.27672E-04 -0.27996E-04 -0.28317E-04 -0.28633E-04 -0.28938E-04 -0.29228E-04
 -0.29501E-04 -0.29750E-04 -0.29974E-04 -0.30169E-04 -0.30331E-04 -0.30460E-04 -0.30554E-04 -0.30613E-04
 -0.30635E-04 -0.30623E-04 -0.30577E-04 -0.30499E-04 -0.30392E-04 -0.30257E-04 -0.30100E-04 -0.29922E-04
 -0.29727E-04 -0.29518E-04 -0.29298E-04 -0.29071E-04 -0.28838E-04 -0.28600E-04 -0.28360E-04 -0.28115E-04
 -0.27865E-04 -0.27607E-04 -0.27335E-04 -0.27043E-04 -0.26722E-04 -0.26359E-04 -0.25942E-04 -0.25451E-04
 -0.24867E-04 -0.24164E-04 -0.23314E-04 -0.22285E-04 -0.21041E-04 -0.19542E-04 -0.17746E-04 -0.15608E-04
  0.00000E+00  0.00000E+00
  0.00000E+00 -0.20249E-04 -0.21858E-04 -0.23117E-04 -0.24103E-04 -0.24855E-04 -0.25415E-04 -0.25819E-04
 -0.26101E-04 -0.26289E-04 -0.26410E-04 -0.26483E-04 -0.26525E-04 -0.26550E-04 -0.26569E-04 -0.26589E-04
 -0.26616E-04 -0.26651E-04 -0.26697E-04 -0.26754E-04 -0.26820E-04 -0.26894E-04 -0.26973E-04 -0.27055E-04
 -0.27137E-04 -0.27216E-04 -0.27290E-04 -0.27356E-04 -0.27413E-04 -0.27460E-04 -0.27496E-04 -0.27520E-04
 -0.27534E-04 -0.27538E-04 -0.27533E-04 -0.27521E-04 -0.27505E-04 -0.27486E-04 -0.27467E-04 -0.27451E-04
 -0.27439E-04 -0.27435E-04 -0.27439E-04 -0.27453E-04 -0.27477E-04 -0.27511E-04 -0.27553E-04 -0.27601E-04
 -0.27651E-04 -0.27697E-04 -0.27732E-04 -0.27746E-04 -0.27727E-04 -0.27662E-04 -0.27533E-04 -0.27323E-04
 -0.27007E-04 -0.26561E-04 -0.25956E-04 -0.25160E-04 -0.24140E-04 -0.22857E-04 -0.21274E-04 -0.19351E-04
  0.00000E+00  0.00000E+00
  0.00000E+00 -0.24499E-04 -0.25790E-04 -0.26740E-04 -0.27418E-04 -0.27866E-04 -0.28120E-04 -0.28217E-04
 -0.28190E-04 -0.28067E-04 -0.27874E-04 -0.27633E-04 -0.27361E-04 -0.27074E-04 -0.26784E-04 -0.26499E-04
 -0.26227E-04 -0.25973E-04 -0.25739E-04 -0.25527E-04 -0.25338E-04 -0.25172E-04 -0.25027E-04 -0.24901E-04
 -0.24795E-04 -0.24705E-04 -0.24631E-04 -0.24570E-04 -0.24524E-04 -0.24490E-04 -0.24468E-04 -0.24460E-04
 -0.24465E-04 -0.24485E-04 -0.24521E-04 -0.24575E-04 -0.24649E-04 -0.24744E-04 -0.24863E-04 -0.25008E-04
 -0.25179E-04 -0.25378E-04 -0.25605E-04 -0.25860E-04 -0.26142E-04 -0.26449E-04 -0.26777E-04 -0.27122E-04
 -0.27477E-04 -0.27835E-04 -0.28185E-04 -0.28515E-04 -0.28812E-04 -0.29060E-04 -0.29240E-04 -0.29330E-04
 -0.29308E-04 -0.29146E-04 -0.28816E-04 -0.28286E-04 -0.27524E-04 -0.26495E-04 -0.25162E-04 -0.23490E-04
  0.00000E+00  0.00000E+00
  0.00000E+00 -0.29148E-04 -0.30067E-04 -0.30672E-04 -0.31007E-04 -0.31113E-04 -0.31027E-04 -0.30786E-04
 -0.30421E-04 -0.29961E-04 -0.29432E-04 -0.28857E-04 -0.28254E-04 -0.27641E-04 -0.27029E-04 -0.26431E-04
 -0.25853E-04 -0.25303E-04 -0.24784E-04 -0.24301E-04 -0.23855E-04 -0.23446E-04 -0.23076E-04 -0.22743E-04
 -0.22448E-04 -0.22190E-04 -0.21968E-04 -0.21782E-04 -0.21632E-04 -0.21518E-04 -0.21439E-04 -0.21398E-04
 -0.21395E-04 -0.21431E-04 -0.21508E-04 -0.21627E-04 -0.21791E-04 -0.22000E-04 -0.22256E-04 -0.22561E-04
 -0.22915E-04 -0.23318E-04 -0.23770E-04 -0.24269E-04 -0.24812E-04 -0.25396E-04 -0.26015E-04 -0.26663E-04
 -0.27332E-04 -0.28011E-04 -0.28688E-04 -0.29349E-04 -0.29979E-04 -0.30558E-04 -0.31067E-04 -0.31482E-04
 -0.31778E-04 -0.31928E-04 -0.31903E-04 -0.31672E-04 -0.31202E-04 -0.30460E-04 -0.29411E-04 -0.28023E-04
  0.00000E+00  0.00000E+00
  0.00000E+00 -0.34180E-04 -0.34693E-04 -0.34916E-04 -0.34870E-04 -0.34600E-04 -0.34141E-04 -0.33529E-04
 -0.32797E-04 -0.31973E-04 -0.31084E-04 -0.30154E-04 -0.29202E-04 -0.28246E-04 -0.27299E-04 -0.26375E-04
 -0.25482E-04 -0.24627E-04 -0.23818E-04 -0.23058E-04 -0.22349E-04 -0.21695E-04 -0.21097E-04 -0.20555E-04
 -0.20070E-04 -0.19643E-04 -0.19273E-04 -0.18960E-04 -0.18706E-04 -0.18511E-04 -0.18375E-04 -0.18301E-04
 -0.18289E-04 -0.18340E-04 -0.18458E-04 -0.18642E-04 -0.18895E-04 -0.19218E-04 -0.19613E-04 -0.20079E-04
 -0.20618E-04 -0.21227E-04 -0.21907E-04 -0.22653E-04 -0.23463E-04 -0.24330E-04 -0.25248E-04 -0.26209E-04
 -0.27201E-04 -0.28214E-04 -0.29234E-04 -0.30242E-04 -0.31223E-04 -0.32155E-04 -0.33016E-04 -0.33780E-04
 -0.34423E-04 -0.34915E-04 -0.35226E-04 -0.35326E-04 -0.35181E-04 -0.34759E-04 -0.34027E-04 -0.32953E-04
  0.00000E+00  0.00000E+00
  0.00000E+00 -0.39590E-04 -0.39673E-04 -0.39474E-04 -0.39012E-04 -0.38329E-04 -0.37463E-04 -0.36449E-04
 -0.35319E-04 -0.34104E-04 -0.32831E-04 -0.31522E-04 -0.30200E-04 -0.28883E-04 -0.27586E-04 -0.26321E-04
 -0.25101E-04 -0.23932E-04 -0.22823E-04 -0.21778E-04 -0.20802E-04 -0.19897E-04 -0.19067E-04 -0.18312E-04
 -0.17634E-04 -0.17034E-04 -0.16514E-04 -0.16073E-04 -0.15713E-04 -0.15436E-04 -0.15242E-04 -0.15133E-04
 -0.15111E-04 -0.15178E-04 -0.15335E-04 -0.15584E-04 -0.15927E-04 -0.16365E-04 -0.16899E-04 -0.17529E-04
 -0.18254E-04 -0.19074E-04 -0.19986E-04 -0.20985E-04 -0.22068E-04 -0.23227E-04 -0.24454E-04 -0.25739E-04
 -0.27070E-04 -0.28432E-04 -0.29811E-04 -0.31187E-04 -0.32540E-04 -0.33848E-04 -0.35086E-04 -0.36229E-04
 -0.37247E-04 -0.38111E-04 -0.38791E-04 -0.39253E-04 -0.39466E-04 -0.39397E-04 -0.39014E-04 -0.38285E-04
  0.00000E+00  0.00000E+00
  0.00000E+00 -0.45382E-04 -0.45009E-04 -0.44350E-04 -0.43435E-04 -0.42304E-04 -0.40996E-04 -0.39546E-04
 -0.37988E-04 -0.36353E-04 -0.34667E-04 -0.32957E-04 -0.31243E-04 -0.29544E-04 -0.27878E-04 -0.26258E-04
 -0.24696E-04 -0.23201E-04 -0.21781E-04 -0.20442E-04 -0.19190E-04 -0.18028E-04 -0.16959E-04 -0.15986E-04
 -0.15111E-04 -0.14335E-04 -0.13660E-04 -0.13088E-04 -0.12620E-04 -0.12258E-04 -0.12004E-04 -0.11859E-04
 -0.11826E-04 -0.11907E-04 -0.12103E-04 -0.12417E-04 -0.12850E-04 -0.13404E-04 -0.14079E-04 -0.14875E-04
 -0.15791E-04 -0.16826E-04 -0.17975E-04 -0.19236E-04 -0.20600E-04 -0.22062E-04 -0.23610E-04 -0.25233E-04
 -0.26918E-04 -0.28648E-04 -0.30406E-04 -0.32171E-04 -0.33921E-04 -0.35632E-04 -0.37276E-04 -0.38826E-04
 -0.40251E-04 -0.41520E-04 -0.42601E-04 -0.43461E-04 -0.44065E-04 -0.44382E-04 -0.44379E-04 -0.44024E-04
  0.00000E+00  0.00000E+00
  0.00000E+00 -0.51567E-04 -0.50705E-04 -0.49547E-04 -0.48141E-04 -0.46526E-04 -0.44740E-04 -0.42821E-04
 -0.40803E-04 -0.38716E-04 -0.36590E-04 -0.34451E-04 -0.32320E-04 -0.30219E-04 -0.28164E-04 -0.26171E-04
 -0.24251E-04 -0.22415E-04 -0.20672E-04 -0.19028E-04 -0.17490E-04 -0.16062E-04 -0.14747E-04 -0.13549E-04
 -0.12471E-04 -0.11514E-04 -0.10680E-04 -0.99729E-05 -0.93931E-05 -0.89433E-05 -0.86257E-05 -0.84427E-05
 -0.83966E-05 -0.84898E-05 -0.87246E-05 -0.91031E-05 -0.96271E-05 -0.10298E-04 -0.11116E-04 -0.12081E-04
 -0.13192E-04 -0.14447E-04 -0.15842E-04 -0.17372E-04 -0.19029E-04 -0.20805E-04 -0.22688E-04 -0.24666E-04
 -0.26724E-04 -0.28842E-04 -0.31003E-04 -0.33182E-04 -0.35356E-04 -0.37498E-04 -0.39579E-04 -0.41568E-04
 -0.43434E-04 -0.45143E-04 -0.46661E-04 -0.47953E-04 -0.48985E-04 -0.49723E-04 -0.50133E-04 -0.50184E-04
  0.00000E+00  0.00000E+00
  0.00000E+00 -0.58155E-04 -0.56762E-04 -0.55070E-04 -0.53134E-04 -0.50996E-04 -0.48696E-04 -0.46272E-04
 -0.43758E-04 -0.41189E-04 -0.38592E-04 -0.35996E-04 -0.33424E-04 -0.30896E-04 -0.28431E-04 -0.26044E-04
 -0.23749E-04 -0.21556E-04 -0.19475E-04 -0.17514E-04 -0.15678E-04 -0.13973E-04 -0.12404E-04 -0.10973E-04
 -0.96835E-05 -0.85387E-05 -0.75409E-05 -0.66926E-05 -0.59964E-05 -0.54548E-05 -0.50704E-05 -0.48461E-05
 -0.47845E-05 -0.48884E-05 -0.51605E-05 -0.56031E-05 -0.62182E-05 -0.70072E-05 -0.79710E-05 -0.91092E-05
 -0.10421E-04 -0.11903E-04 -0.13551E-04 -0.15360E-04 -0.17321E-04 -0.19426E-04 -0.21661E-04 -0.24012E-04
 -0.26462E-04 -0.28993E-04 -0.31581E-04 -0.34202E-04 -0.36830E-04 -0.39435E-04 -0.41986E-04 -0.44450E-04
 -0.46793E-04 -0.48980E-04 -0.50973E-04 -0.52736E-04 -0.54233E-04 -0.55428E-04 -0.56286E-04 -0.56775E-04
  0.00000E+00  0.00000E+00
  0.00000E+00 -0.65154E-04 -0.63185E-04 -0.60920E-04 -0.58415E-04 -0.55715E-04 -0.52862E-04 -0.49895E-04
 -0.46852E-04 -0.43765E-04 -0.40666E-04 -0.37583E-04 -0.34540E-04 -0.31560E-04 -0.28661E-04 -0.25859E-04
 -0.23169E-04 -0.20601E-04 -0.18167E-04 -0.15873E-04 -0.13727E-04 -0.11734E-04 -0.98989E-05 -0.82253E-05
 -0.67168E-05 -0.53766E-05 -0.42074E-05 -0.32122E-05 -0.23940E-05 -0.17556E-05 -0.13001E-05 -0.10307E-05
 -0.95060E-06 -0.10629E-05 -0.13707E-05 -0.18766E-05 -0.25831E-05 -0.34919E-05 -0.46039E-05 -0.59190E-05
 -0.74360E-05 -0.91522E-05 -0.11063E-04 -0.13162E-04 -0.15442E-04 -0.17890E-04 -0.20495E-04 -0.23240E-04
 -0.26106E-04 -0.29074E-04 -0.32117E-04 -0.35211E-04 -0.38325E-04 -0.41429E-04 -0.44487E-04 -0.47465E-04
 -0.50325E-04 -0.53030E-04 -0.55539E-04 -0.57814E-04 -0.59816E-04 -0.61508E-04 -0.62852E-04 -0.63816E-04
  0.00000E+00  0.00000E+00
  0.00000E+00 -0.72570E-04 -0.69981E-04 -0.67102E-04 -0.63988E-04 -0.60685E-04 -0.57238E-04 -0.53689E-04
 -0.50076E-04 -0.46436E-04 -0.42800E-04 -0.39198E-04 -0.35656E-04 -0.32195E-04 -0.28836E-04 -0.25596E-04
 -0.22490E-04 -0.19528E-04 -0.16722E-04 -0.14080E-04 -0.11609E-04 -0.93148E-05 -0.72020E-05 -0.52751E-05
 -0.35377E-05 -0.19931E-05 -0.64458E-06  0.50469E-06  0.14515E-05  0.21925E-05  0.27242E-05  0.30430E-05
  0.31454E-05  0.30276E-05  0.26863E-05  0.21180E-05  0.13202E-05  0.29046E-06 -0.97237E-06 -0.24686E-05
 -0.41970E-05 -0.61551E-05 -0.83383E-05 -0.10740E-04 -0.13352E-04 -0.16161E-04 -0.19155E-04 -0.22316E-04
 -0.25624E-04 -0.29056E-04 -0.32587E-04 -0.36186E-04 -0.39823E-04 -0.43463E-04 -0.47069E-04 -0.50603E-04
 -0.54024E-04 -0.57290E-04 -0.60360E-04 -0.63192E-04 -0.65744E-04 -0.67975E-04 -0.69847E-04 -0.71324E-04
  0.00000E+00  0.00000E+00
  0.00000E+00 -0.80412E-04 -0.77159E-04 -0.73623E-04 -0.69854E-04 -0.65904E-04 -0.61820E-04 -0.57647E-04
 -0.53426E-04 -0.49194E-04 -0.44985E-04 -0.40829E-04 -0.36755E-04 -0.32784E-04 -0.28938E-04 -0.25235E-04
 -0.21688E-04 -0.18311E-04 -0.15115E-04 -0.12107E-04 -0.92945E-05 -0.66843E-05 -0.42809E-05 -0.20887E-05
 -0.11147E-06  0.16473E-05  0.31841E-05  0.44957E-05  0.55784E-05  0.64286E-05  0.70425E-05  0.74160E-05
  0.75450E-05  0.74254E-05  0.70530E-05  0.64240E-05  0.55351E-05  0.43836E-05  0.29675E-05  0.12861E-05
 -0.65978E-06 -0.28679E-05 -0.53337E-05 -0.80507E-05 -0.11010E-04 -0.14199E-04 -0.17603E-04 -0.21204E-04
 -0.24981E-04 -0.28909E-04 -0.32959E-04 -0.37101E-04 -0.41300E-04 -0.45519E-04 -0.49717E-04 -0.53852E-04
 -0.57881E-04 -0.61758E-04 -0.65438E-04 -0.68875E-04 -0.72024E-04 -0.74842E-04 -0.77287E-04 -0.79320E-04
  0.00000E+00  0.00000E+00
  0.00000E+00 -0.88693E-04 -0.84731E-04 -0.80489E-04 -0.76019E-04 -0.71374E-04 -0.66607E-04 -0.61765E-04
 -0.56892E-04 -0.52027E-04 -0.47206E-04 -0.42460E-04 -0.37819E-04 -0.33307E-04 -0.28944E-04 -0.24750E-04
 -0.20739E-04 -0.16924E-04 -0.13315E-04 -0.99223E-05 -0.67520E-05 -0.38102E-05 -0.11018E-05  0.13687E-05
  0.35977E-05  0.55814E-05  0.73166E-05  0.87994E-05  0.10026E-04  0.10993E-04  0.11696E-04  0.12130E-04
  0.12291E-04  0.12173E-04  0.11773E-04  0.11086E-04  0.10107E-04  0.88329E-05  0.72614E-05  0.53911E-05
  0.32218E-05  0.75563E-06 -0.20035E-05 -0.50491E-05 -0.83719E-05 -0.11960E-04 -0.15797E-04 -0.19864E-04
 -0.24139E-04 -0.28595E-04 -0.33202E-04 -0.37926E-04 -0.42730E-04 -0.47572E-04 -0.52410E-04 -0.57197E-04
 -0.61886E-04 -0.66426E-04 -0.70770E-04 -0.74866E-04 -0.78666E-04 -0.82123E-04 -0.85191E-04 -0.87829E-04
  0.00000E+00  0.00000E+00
  0.00000E+00 -0.97428E-04 -0.92709E-04 -0.87709E-04 -0.82485E-04 -0.77095E-04 -0.71596E-04 -0.66037E-04
 -0.60465E-04 -0.54923E-04 -0.49448E-04 -0.44073E-04 -0.38829E-04 -0.33741E-04 -0.28830E-04 -0.24116E-04
 -0.19613E-04 -0.15336E-04 -0.11293E-04 -0.74953E-05 -0.39482E-05 -0.65796E-06  0.23706E-05  0.51335E-05
  0.76270E-05  0.98475E-05  0.11792E-04  0.13456E-04  0.14836E-04  0.15928E-04  0.16727E-04  0.17228E-04
  0.17426E-04  0.17316E-04  0.16892E-04  0.16149E-04  0.15082E-04  0.13685E-04  0.11957E-04  0.98942E-05
  0.74960E-05  0.47637E-05  0.17007E-05 -0.16870E-05 -0.53903E-05 -0.93969E-05 -0.13691E-04 -0.18252E-04
 -0.23056E-04 -0.28076E-04 -0.33278E-04 -0.38627E-04 -0.44081E-04 -0.49597E-04 -0.55127E-04 -0.60621E-04
 -0.66026E-04 -0.71289E-04 -0.76356E-04 -0.81170E-04 -0.85680E-04 -0.89833E-04 -0.93580E-04 -0.96876E-04
  0.00000E+00  0.00000E+00
  0.00000E+00 -0.10663E-03 -0.10110E-03 -0.95289E-04 -0.89256E-04 -0.83067E-04 -0.76781E-04 -0.70454E-04
 -0.64135E-04 -0.57868E-04 -0.51695E-04 -0.45649E-04 -0.39763E-04 -0.34062E-04 -0.28570E-04 -0.23304E-04
 -0.18282E-04 -0.13516E-04 -0.90165E-05 -0.47915E-05 -0.84813E-06  0.28084E-05  0.61735E-05  0.92436E-05
  0.12015E-04  0.14485E-04  0.16649E-04  0.18505E-04  0.20048E-04  0.21274E-04  0.22178E-04  0.22754E-04
  0.22996E-04  0.22899E-04  0.22456E-04  0.21661E-04  0.20507E-04  0.18990E-04  0.17103E-04  0.14845E-04
  0.12213E-04  0.92071E-05  0.58298E-05  0.20864E-05 -0.20144E-05 -0.64603E-05 -0.11235E-04 -0.16319E-04
 -0.21685E-04 -0.27306E-04 -0.33145E-04 -0.39165E-04 -0.45320E-04 -0.51563E-04 -0.57843E-04 -0.64104E-04
 -0.70288E-04 -0.76337E-04 -0.82191E-04 -0.87790E-04 -0.93074E-04 -0.97987E-04 -0.10248E-03 -0.10649E-03
  0.00000E+00  0.00000E+00
  0.00000E+00 -0.11633E-03 -0.10993E-03 -0.10324E-03 -0.96335E-04 -0.89288E-04 -0.82159E-04 -0.75008E-04
 -0.67888E-04 -0.60847E-04 -0.53927E-04 -0.47165E-04 -0.40595E-04 -0.34244E-04 -0.28134E-04 -0.22285E-04
 -0.16713E-04 -0.11431E-04 -0.64492E-05 -0.17749E-05  0.25854E-05  0.66268E-05  0.10346E-04  0.13738E-04
  0.16802E-04  0.19534E-04  0.21931E-04  0.23990E-04  0.25706E-04  0.27075E-04  0.28092E-04  0.28751E-04
  0.29045E-04  0.28968E-04  0.28512E-04  0.27669E-04  0.26432E-04  0.24795E-04  0.22751E-04  0.20296E-04
  0.17426E-04  0.14139E-04  0.10438E-04  0.63253E-05  0.18102E-05 -0.30962E-05 -0.83776E-05 -0.14013E-04
 -0.19977E-04 -0.26238E-04 -0.32758E-04 -0.39497E-04 -0.46407E-04 -0.53436E-04 -0.60527E-04 -0.67621E-04
 -0.74653E-04 -0.81559E-04 -0.88272E-04 -0.94726E-04 -0.10086E-03 -0.10660E-03 -0.11190E-03 -0.11670E-03
  0.00000E+00  0.00000E+00
  0.00000E+00 -0.12653E-03 -0.11919E-03 -0.11156E-03 -0.10373E-03 -0.95756E-04 -0.87723E-04 -0.79688E-04
 -0.71710E-04 -0.63840E-04 -0.56123E-04 -0.48598E-04 -0.41299E-04 -0.34256E-04 -0.27490E-04 -0.21024E-04
 -0.14871E-04 -0.90444E-05 -0.35540E-05  0.15932E-05  0.63916E-05  0.10837E-04  0.14927E-04  0.18658E-04
  0.22029E-04  0.25037E-04  0.27679E-04  0.29952E-04  0.31852E-04  0.33375E-04  0.34515E-04  0.35266E-04
  0.35620E-04  0.35569E-04  0.35106E-04  0.34221E-04  0.32906E-04  0.31153E-04  0.28953E-04  0.26299E-04
  0.23188E-04  0.19615E-04  0.15580E-04  0.11087E-04  0.61407E-05  0.75320E-06 -0.50601E-05 -0.11278E-04
 -0.17875E-04 -0.24817E-04 -0.32066E-04 -0.39577E-04 -0.47300E-04 -0.55177E-04 -0.63147E-04 -0.71144E-04
 -0.79099E-04 -0.86939E-04 -0.94591E-04 -0.10198E-03 -0.10904E-03 -0.11569E-03 -0.12188E-03 -0.12754E-03
  0.00000E+00  0.00000E+00
  0.00000E+00 -0.13725E-03 -0.12891E-03 -0.12027E-03 -0.11143E-03 -0.10247E-03 -0.93465E-04 -0.84483E-04
 -0.75585E-04 -0.66828E-04 -0.58258E-04 -0.49919E-04 -0.41845E-04 -0.34065E-04 -0.26605E-04 -0.19484E-04
 -0.12717E-04 -0.63162E-05 -0.29053E-06  0.53537E-05  0.10612E-04  0.15482E-04  0.19961E-04  0.24047E-04
  0.27739E-04  0.31036E-04  0.33936E-04  0.36435E-04  0.38531E-04  0.40218E-04  0.41491E-04  0.42342E-04
  0.42765E-04  0.42750E-04  0.42287E-04  0.41368E-04  0.39980E-04  0.38114E-04  0.35760E-04  0.32910E-04
  0.29555E-04  0.25692E-04  0.21316E-04  0.16430E-04  0.11038E-04  0.51492E-05 -0.12214E-05 -0.80531E-05
 -0.15319E-04 -0.22986E-04 -0.31012E-04 -0.39351E-04 -0.47948E-04 -0.56741E-04 -0.65663E-04 -0.74642E-04
 -0.83601E-04 -0.92460E-04 -0.10114E-03 -0.10955E-03 -0.11763E-03 -0.12528E-03 -0.13244E-03 -0.13904E-03
  0.00000E+00  0.00000E+00
  0.00000E+00 -0.14851E-03 -0.13909E-03 -0.12937E-03 -0.11945E-03 -0.10943E-03 -0.99378E-04 -0.89378E-04
 -0.79494E-04 -0.69787E-04 -0.60306E-04 -0.51097E-04 -0.42197E-04 -0.33636E-04 -0.25439E-04 -0.17625E-04
 -0.10210E-04 -0.32041E-05  0.33844E-05  0.95505E-05  0.15291E-04  0.20605E-04  0.25490E-04  0.29948E-04
  0.33977E-04  0.37577E-04  0.40747E-04  0.43484E-04  0.45786E-04  0.47648E-04  0.49064E-04  0.50026E-04
  0.50527E-04  0.50557E-04  0.50104E-04  0.49156E-04  0.47703E-04  0.45731E-04  0.43228E-04  0.40183E-04
  0.36586E-04  0.32429E-04  0.27707E-04  0.22419E-04  0.16566E-04  0.10157E-04  0.32046E-05 -0.42713E-05
 -0.12244E-04 -0.20679E-04 -0.29534E-04 -0.38759E-04 -0.48296E-04 -0.58077E-04 -0.68030E-04 -0.78075E-04
 -0.88128E-04 -0.98101E-04 -0.10790E-03 -0.11744E-03 -0.12663E-03 -0.13538E-03 -0.14361E-03 -0.15125E-03
  0.00000E+00  0.00000E+00
  0.00000E+00 -0.16034E-03 -0.14976E-03 -0.13887E-03 -0.12779E-03 -0.11662E-03 -0.10545E-03 -0.94356E-04
 -0.83414E-04 -0.72689E-04 -0.62235E-04 -0.52099E-04 -0.42319E-04 -0.32927E-04 -0.23949E-04 -0.15403E-04
 -0.73044E-05  0.33798E-06  0.75174E-05  0.14230E-04  0.20475E-04  0.26252E-04  0.31562E-04  0.36407E-04
  0.40787E-04  0.44703E-04  0.48155E-04  0.51142E-04  0.53662E-04  0.55709E-04  0.57279E-04  0.58363E-04
  0.58952E-04  0.59036E-04  0.58602E-04  0.57637E-04  0.56126E-04  0.54055E-04  0.51409E-04  0.48174E-04
  0.44337E-04  0.39887E-04  0.34815E-04  0.29117E-04  0.22792E-04  0.15846E-04  0.82882E-05  0.13818E-06
 -0.85784E-05 -0.17827E-04 -0.27564E-04 -0.37736E-04 -0.48281E-04 -0.59128E-04 -0.70197E-04 -0.81401E-04
 -0.92647E-04 -0.10383E-03 -0.11487E-03 -0.12564E-03 -0.13605E-03 -0.14600E-03 -0.15541E-03 -0.16420E-03
  0.00000E+00  0.00000E+00
  0.00000E+00 -0.17277E-03 -0.16093E-03 -0.14878E-03 -0.13646E-03 -0.12405E-03 -0.11167E-03 -0.99398E-04
 -0.87321E-04 -0.75505E-04 -0.64009E-04 -0.52883E-04 -0.42167E-04 -0.31894E-04 -0.22089E-04 -0.12770E-04
 -0.39508E-05  0.43604E-05  0.12159E-04  0.19443E-04  0.26214E-04  0.32474E-04  0.38225E-04  0.43472E-04
  0.48216E-04  0.52461E-04  0.56208E-04  0.59455E-04  0.62203E-04  0.64446E-04  0.66180E-04  0.67396E-04
  0.68084E-04  0.68233E-04  0.67828E-04  0.66856E-04  0.65298E-04  0.63138E-04  0.60358E-04  0.56941E-04
  0.52869E-04  0.48128E-04  0.42706E-04  0.36594E-04  0.29787E-04  0.22288E-04  0.14104E-04  0.52519E-05
 -0.42447E-05 -0.14351E-04 -0.25024E-04 -0.36207E-04 -0.47834E-04 -0.59829E-04 -0.72106E-04 -0.84569E-04
 -0.97113E-04 -0.10963E-03 -0.12201E-03 -0.13413E-03 -0.14589E-03 -0.15718E-03 -0.16788E-03 -0.17792E-03
  0.00000E+00  0.00000E+00
  0.00000E+00 -0.18581E-03 -0.17262E-03 -0.15912E-03 -0.14544E-03 -0.13170E-03 -0.11801E-03 -0.10448E-03
 -0.91183E-04 -0.78197E-04 -0.65587E-04 -0.53405E-04 -0.41693E-04 -0.30485E-04 -0.19805E-04 -0.96706E-05
 -0.94269E-07  0.89179E-05  0.17364E-04  0.25244E-04  0.32562E-04  0.39322E-04  0.45530E-04  0.51193E-04
  0.56314E-04  0.60898E-04  0.64949E-04  0.68468E-04  0.71453E-04  0.73903E-04  0.75810E-04  0.77168E-04
  0.77967E-04  0.78192E-04  0.77829E-04  0.76861E-04  0.75268E-04  0.73031E-04  0.70128E-04  0.66537E-04
  0.62239E-04  0.57214E-04  0.51445E-04  0.44917E-04  0.37624E-04  0.29561E-04  0.20733E-04  0.11152E-04
  0.84034E-06 -0.10169E-04 -0.21831E-04 -0.34090E-04 -0.46876E-04 -0.60107E-04 -0.73689E-04 -0.87518E-04
 -0.10148E-03 -0.11545E-03 -0.12931E-03 -0.14292E-03 -0.15616E-03 -0.16891E-03 -0.18105E-03 -0.19248E-03
  0.00000E+00  0.00000E+00
  0.00000E+00 -0.19950E-03 -0.18485E-03 -0.16988E-03 -0.15474E-03 -0.13957E-03 -0.12447E-03 -0.10958E-03
 -0.94965E-04 -0.80725E-04 -0.66923E-04 -0.53614E-04 -0.40842E-04 -0.28642E-04 -0.17037E-04 -0.60450E-05
  0.43257E-05  0.14071E-04  0.23191E-04  0.31690E-04  0.39574E-04  0.46852E-04  0.53531E-04  0.59621E-04
  0.65129E-04  0.70063E-04  0.74427E-04  0.78225E-04  0.81457E-04  0.84121E-04  0.86212E-04  0.87723E-04
  0.88641E-04  0.88955E-04  0.88646E-04  0.87695E-04  0.86081E-04  0.83781E-04  0.80769E-04  0.77019E-04
  0.72507E-04  0.67207E-04  0.61098E-04  0.54160E-04  0.46378E-04  0.37744E-04  0.28257E-04  0.17925E-04
  0.67671E-05 -0.51871E-05 -0.17894E-04 -0.31295E-04 -0.45318E-04 -0.59877E-04 -0.74870E-04 -0.90181E-04
 -0.10569E-03 -0.12125E-03 -0.13673E-03 -0.15197E-03 -0.16685E-03 -0.18122E-03 -0.19494E-03 -0.20791E-03
  0.00000E+00  0.00000E+00
  0.00000E+00 -0.21388E-03 -0.19765E-03 -0.18109E-03 -0.16437E-03 -0.14763E-03 -0.13102E-03 -0.11465E-03
 -0.98627E-04 -0.83040E-04 -0.67961E-04 -0.53449E-04 -0.39551E-04 -0.26300E-04 -0.13721E-04 -0.18259E-05
  0.93764E-05  0.19886E-04  0.29706E-04  0.38845E-04  0.47312E-04  0.55121E-04  0.62283E-04  0.68810E-04
  0.74714E-04  0.80004E-04  0.84688E-04  0.88771E-04  0.92257E-04  0.95143E-04  0.97426E-04  0.99098E-04
  0.10015E-03  0.10056E-03  0.10032E-03  0.99401E-04  0.97782E-04  0.95435E-04  0.92331E-04  0.88439E-04
  0.83729E-04  0.78170E-04  0.71733E-04  0.64392E-04  0.56127E-04  0.46920E-04  0.36766E-04  0.25666E-04
  0.13633E-04  0.69384E-06 -0.13109E-04 -0.27720E-04 -0.43062E-04 -0.59045E-04 -0.75559E-04 -0.92479E-04
 -0.10967E-03 -0.12697E-03 -0.14423E-03 -0.16128E-03 -0.17796E-03 -0.19412E-03 -0.20960E-03 -0.22427E-03
  0.00000E+00  0.00000E+00
  0.00000E+00 -0.22897E-03 -0.21103E-03 -0.19275E-03 -0.17431E-03 -0.15589E-03 -0.13763E-03 -0.11967E-03
 -0.10212E-03 -0.85084E-04 -0.68638E-04 -0.52843E-04 -0.37748E-04 -0.23385E-04 -0.97780E-05  0.30626E-05
  0.15133E-04  0.26435E-04  0.36979E-04  0.46777E-04  0.55843E-04  0.64194E-04  0.71846E-04  0.78816E-04
  0.85120E-04  0.90770E-04  0.95778E-04  0.10015E-03  0.10389E-03  0.10701E-03  0.10949E-03  0.11133E-03
  0.11252E-03  0.11305E-03  0.11289E-03  0.11202E-03  0.11041E-03  0.10804E-03  0.10486E-03  0.10085E-03
  0.95959E-04  0.90161E-04  0.83415E-04  0.75688E-04  0.66949E-04  0.57176E-04  0.46352E-04  0.34472E-04
  0.21541E-04  0.75827E-05 -0.73671E-05 -0.23252E-04 -0.39996E-04 -0.57503E-04 -0.75656E-04 -0.94320E-04
 -0.11334E-03 -0.13255E-03 -0.15177E-03 -0.17081E-03 -0.18948E-03 -0.20762E-03 -0.22505E-03 -0.24161E-03
  0.00000E+00  0.00000E+00
  0.00000E+00 -0.24483E-03 -0.22503E-03 -0.20487E-03 -0.18456E-03 -0.16430E-03 -0.14426E-03 -0.12457E-03
 -0.10538E-03 -0.86791E-04 -0.68879E-04 -0.51716E-04 -0.35349E-04 -0.19811E-04 -0.51236E-05  0.87062E-05
  0.21679E-04  0.33802E-04  0.45091E-04  0.55562E-04  0.65236E-04  0.74136E-04  0.82283E-04  0.89699E-04
  0.96403E-04  0.10241E-03  0.10774E-03  0.11241E-03  0.11641E-03  0.11975E-03  0.12244E-03  0.12446E-03
  0.12580E-03  0.12645E-03  0.12638E-03  0.12558E-03  0.12400E-03  0.12162E-03  0.11840E-03  0.11429E-03
  0.10925E-03  0.10324E-03  0.96209E-04  0.88117E-04  0.78925E-04  0.68599E-04  0.57111E-04  0.44447E-04
  0.30605E-04  0.15597E-04 -0.54382E-06 -0.17766E-04 -0.35993E-04 -0.55127E-04 -0.75044E-04 -0.95595E-04
 -0.11661E-03 -0.13791E-03 -0.15928E-03 -0.18052E-03 -0.20141E-03 -0.22174E-03 -0.24133E-03 -0.25999E-03
  0.00000E+00  0.00000E+00
  0.00000E+00 -0.26151E-03 -0.23967E-03 -0.21747E-03 -0.19512E-03 -0.17286E-03 -0.15087E-03 -0.12932E-03
 -0.10835E-03 -0.88079E-04 -0.68596E-04 -0.49972E-04 -0.32256E-04 -0.15479E-04  0.34140E-06  0.15202E-04
  0.29109E-04  0.42077E-04  0.54126E-04  0.65281E-04  0.75570E-04  0.85020E-04  0.93660E-04  0.10152E-03
  0.10862E-03  0.11498E-03  0.12063E-03  0.12558E-03  0.12984E-03  0.13342E-03  0.13631E-03  0.13851E-03
  0.14001E-03  0.14079E-03  0.14083E-03  0.14011E-03  0.13859E-03  0.13622E-03  0.13298E-03  0.12880E-03
  0.12365E-03  0.11746E-03  0.11018E-03  0.10175E-03  0.92134E-04  0.81277E-04  0.69143E-04  0.55702E-04
  0.40942E-04  0.24865E-04  0.74946E-05 -0.11123E-04 -0.30914E-04 -0.51779E-04 -0.73588E-04 -0.96181E-04
 -0.11937E-03 -0.14296E-03 -0.16670E-03 -0.19036E-03 -0.21370E-03 -0.23648E-03 -0.25847E-03 -0.27948E-03
  0.00000E+00  0.00000E+00
  0.00000E+00 -0.27906E-03 -0.25500E-03 -0.23055E-03 -0.20597E-03 -0.18152E-03 -0.15741E-03 -0.13383E-03
 -0.11093E-03 -0.88853E-04 -0.67685E-04 -0.47503E-04 -0.28357E-04 -0.10275E-04  0.67303E-05  0.22661E-04
  0.37531E-04  0.51362E-04  0.64182E-04  0.76026E-04  0.86927E-04  0.96923E-04  0.10605E-03  0.11434E-03
  0.12183E-03  0.12854E-03  0.13449E-03  0.13972E-03  0.14423E-03  0.14803E-03  0.15112E-03  0.15350E-03
  0.15517E-03  0.15609E-03  0.15626E-03  0.15564E-03  0.15419E-03  0.15187E-03  0.14864E-03  0.14443E-03
  0.13919E-03  0.13286E-03  0.12537E-03  0.11666E-03  0.10665E-03  0.95302E-04  0.82549E-04  0.68350E-04
  0.52679E-04  0.35524E-04  0.16895E-04 -0.31684E-05 -0.24600E-04 -0.47300E-04 -0.71134E-04 -0.95932E-04
 -0.12149E-03 -0.14758E-03 -0.17393E-03 -0.20029E-03 -0.22635E-03 -0.25186E-03 -0.27653E-03 -0.30015E-03
  0.00000E+00  0.00000E+00
  0.00000E+00 -0.29756E-03 -0.27106E-03 -0.24413E-03 -0.21710E-03 -0.19025E-03 -0.16381E-03 -0.13802E-03
 -0.11303E-03 -0.88996E-04 -0.66020E-04 -0.44178E-04 -0.23518E-04 -0.40652E-05  0.14174E-04  0.31210E-04
  0.47065E-04  0.61771E-04  0.75367E-04  0.87895E-04  0.99400E-04  0.10993E-03  0.11952E-03  0.12823E-03
  0.13608E-03  0.14312E-03  0.14937E-03  0.15486E-03  0.15960E-03  0.16362E-03  0.16691E-03  0.16947E-03
  0.17130E-03  0.17238E-03  0.17268E-03  0.17217E-03  0.17083E-03  0.16858E-03  0.16539E-03  0.16119E-03
  0.15592E-03  0.14950E-03  0.14185E-03  0.13290E-03  0.12256E-03  0.11076E-03  0.97431E-04  0.82510E-04
  0.65949E-04  0.47720E-04  0.27819E-04  0.62683E-05 -0.16873E-04 -0.41509E-04 -0.67503E-04 -0.94677E-04
 -0.12281E-03 -0.15164E-03 -0.18088E-03 -0.21021E-03 -0.23931E-03 -0.26786E-03 -0.29554E-03 -0.32208E-03
  0.00000E+00  0.00000E+00
  0.00000E+00 -0.31708E-03 -0.28788E-03 -0.25823E-03 -0.22849E-03 -0.19898E-03 -0.17000E-03 -0.14178E-03
 -0.11452E-03 -0.88370E-04 -0.63453E-04 -0.39841E-04 -0.17582E-04  0.33054E-05  0.22824E-04  0.40994E-04
  0.57850E-04  0.73435E-04  0.87799E-04  0.10100E-03  0.11309E-03  0.12413E-03  0.13416E-03  0.14326E-03
  0.15145E-03  0.15879E-03  0.16530E-03  0.17103E-03  0.17599E-03  0.18021E-03  0.18368E-03  0.18642E-03
  0.18842E-03  0.18965E-03  0.19010E-03  0.18973E-03  0.18850E-03  0.18637E-03  0.18326E-03  0.17912E-03
  0.17386E-03  0.16740E-03  0.15965E-03  0.15052E-03  0.13992E-03  0.12774E-03  0.11389E-03  0.98302E-04
  0.80892E-04  0.61613E-04  0.40439E-04  0.17376E-04 -0.75318E-05 -0.34199E-04 -0.62489E-04 -0.92217E-04
 -0.12314E-03 -0.15498E-03 -0.18740E-03 -0.22005E-03 -0.25254E-03 -0.28449E-03 -0.31554E-03 -0.34537E-03
  0.00000E+00  0.00000E+00
  0.00000E+00 -0.33774E-03 -0.30554E-03 -0.27285E-03 -0.24010E-03 -0.20765E-03 -0.17585E-03 -0.14497E-03
 -0.11523E-03 -0.86803E-04 -0.59802E-04 -0.34308E-04 -0.10365E-04  0.12019E-04  0.32856E-04  0.52181E-04
  0.70042E-04  0.86498E-04  0.10161E-03  0.11546E-03  0.12810E-03  0.13961E-03  0.15006E-03  0.15950E-03
  0.16799E-03  0.17559E-03  0.18234E-03  0.18828E-03  0.19343E-03  0.19782E-03  0.20147E-03  0.20437E-03
  0.20652E-03  0.20791E-03  0.20852E-03  0.20830E-03  0.20722E-03  0.20523E-03  0.20224E-03  0.19820E-03
  0.19301E-03  0.18659E-03  0.17882E-03  0.16959E-03  0.15880E-03  0.14632E-03  0.13204E-03  0.11585E-03
  0.97651E-04  0.77368E-04  0.54946E-04  0.30365E-04  0.36472E-05 -0.25135E-04 -0.55853E-04 -0.88317E-04
 -0.12227E-03 -0.15741E-03 -0.19335E-03 -0.22968E-03 -0.26596E-03 -0.30174E-03 -0.33659E-03 -0.37011E-03
  0.00000E+00  0.00000E+00
  0.00000E+00 -0.35964E-03 -0.32409E-03 -0.28801E-03 -0.25188E-03 -0.21617E-03 -0.18125E-03 -0.14745E-03
 -0.11500E-03 -0.84088E-04 -0.54849E-04 -0.27357E-04 -0.16453E-05  0.22289E-04  0.44474E-04  0.64963E-04
  0.83820E-04  0.10112E-03  0.11696E-03  0.13140E-03  0.14455E-03  0.15649E-03  0.16729E-03  0.17703E-03
  0.18577E-03  0.19359E-03  0.20052E-03  0.20663E-03  0.21194E-03  0.21648E-03  0.22027E-03  0.22331E-03
  0.22562E-03  0.22716E-03  0.22793E-03  0.22788E-03  0.22697E-03  0.22515E-03  0.22233E-03  0.21845E-03
  0.21340E-03  0.20708E-03  0.19936E-03  0.19013E-03  0.17925E-03  0.16657E-03  0.15196E-03  0.13527E-03
  0.11638E-03  0.95162E-04  0.71542E-04  0.45463E-04  0.16916E-04 -0.14049E-04 -0.47317E-04 -0.82702E-04
 -0.11994E-03 -0.15868E-03 -0.19851E-03 -0.23895E-03 -0.27948E-03 -0.31958E-03 -0.35872E-03 -0.39643E-03
  0.00000E+00  0.00000E+00
  0.00000E+00 -0.38294E-03 -0.34361E-03 -0.30370E-03 -0.26379E-03 -0.22442E-03 -0.18603E-03 -0.14898E-03
 -0.11356E-03 -0.79968E-04 -0.48331E-04 -0.18723E-04  0.88367E-05  0.34366E-04  0.57916E-04  0.79560E-04
  0.99387E-04  0.11750E-03  0.13399E-03  0.14899E-03  0.16258E-03  0.17487E-03  0.18595E-03  0.19592E-03
  0.20485E-03  0.21282E-03  0.21989E-03  0.22611E-03  0.23153E-03  0.23618E-03  0.24008E-03  0.24325E-03
  0.24568E-03  0.24738E-03  0.24831E-03  0.24844E-03  0.24773E-03  0.24611E-03  0.24351E-03  0.23984E-03
  0.23500E-03  0.22886E-03  0.22130E-03  0.21217E-03  0.20132E-03  0.18857E-03  0.17375E-03  0.15669E-03
  0.13722E-03  0.11518E-03  0.90447E-04  0.62921E-04  0.32556E-04 -0.63402E-06 -0.36560E-04 -0.75045E-04
 -0.11582E-03 -0.15850E-03 -0.20264E-03 -0.24767E-03 -0.29300E-03 -0.33799E-03 -0.38200E-03 -0.42447E-03
  0.00000E+00  0.00000E+00
  0.00000E+00 -0.40780E-03 -0.36418E-03 -0.31992E-03 -0.27572E-03 -0.23223E-03 -0.18995E-03 -0.14932E-03
 -0.11064E-03 -0.74129E-04 -0.39925E-04 -0.80835E-05  0.21392E-04  0.48546E-04  0.73456E-04  0.96226E-04
  0.11697E-03  0.13582E-03  0.15291E-03  0.16836E-03  0.18231E-03  0.19487E-03  0.20615E-03  0.21626E-03
  0.22530E-03  0.23335E-03  0.24048E-03  0.24675E-03  0.25222E-03  0.25693E-03  0.26090E-03  0.26416E-03
  0.26671E-03  0.26853E-03  0.26963E-03  0.26995E-03  0.26945E-03  0.26807E-03  0.26573E-03  0.26234E-03
  0.25778E-03  0.25193E-03  0.24463E-03  0.23573E-03  0.22503E-03  0.21235E-03  0.19748E-03  0.18021E-03
  0.16032E-03  0.13761E-03  0.11189E-03  0.83015E-04  0.50882E-04  0.15457E-04 -0.23209E-04 -0.64962E-04
 -0.10953E-03 -0.15653E-03 -0.20543E-03 -0.25561E-03 -0.30636E-03 -0.35690E-03 -0.40648E-03 -0.45439E-03
  0.00000E+00  0.00000E+00
  0.00000E+00 -0.43446E-03 -0.38591E-03 -0.33666E-03 -0.28756E-03 -0.23939E-03 -0.19274E-03 -0.14811E-03
 -0.10585E-03 -0.66181E-04 -0.29235E-04  0.49459E-05  0.36390E-04  0.65174E-04  0.91415E-04  0.11525E-03
  0.13684E-03  0.15633E-03  0.17390E-03  0.18970E-03  0.20389E-03  0.21660E-03  0.22798E-03  0.23813E-03
  0.24718E-03  0.25521E-03  0.26231E-03  0.26856E-03  0.27401E-03  0.27872E-03  0.28272E-03  0.28602E-03
  0.28865E-03  0.29059E-03  0.29184E-03  0.29236E-03  0.29209E-03  0.29099E-03  0.28896E-03  0.28591E-03
  0.28171E-03  0.27624E-03  0.26932E-03  0.26077E-03  0.25040E-03  0.23797E-03  0.22323E-03  0.20594E-03
  0.18583E-03  0.16264E-03  0.13611E-03  0.10604E-03  0.72241E-04  0.34620E-04 -0.68293E-05 -0.51996E-04
 -0.10063E-03 -0.15232E-03 -0.20650E-03 -0.26246E-03 -0.31935E-03 -0.37625E-03 -0.43222E-03 -0.48639E-03
  0.00000E+00  0.00000E+00
  0.00000E+00 -0.46315E-03 -0.40890E-03 -0.35387E-03 -0.29914E-03 -0.24561E-03 -0.19402E-03 -0.14493E-03
 -0.98724E-04 -0.55636E-04 -0.15781E-04  0.20831E-04  0.54269E-04  0.84657E-04  0.11216E-03  0.13696E-03
  0.15927E-03  0.17928E-03  0.19719E-03  0.21320E-03  0.22748E-03  0.24021E-03  0.25154E-03  0.26160E-03
  0.27053E-03  0.27844E-03  0.28542E-03  0.29155E-03  0.29690E-03  0.30154E-03  0.30550E-03  0.30880E-03
  0.31147E-03  0.31351E-03  0.31489E-03  0.31560E-03  0.31559E-03  0.31479E-03  0.31312E-03  0.31047E-03
  0.30673E-03  0.30174E-03  0.29533E-03  0.28729E-03  0.27741E-03  0.26542E-03  0.25104E-03  0.23397E-03
  0.21389E-03  0.19046E-03  0.16337E-03  0.13231E-03  0.97016E-04  0.57303E-04  0.13081E-04 -0.35605E-04
 -0.88544E-04 -0.14533E-03 -0.20536E-03 -0.26782E-03 -0.33170E-03 -0.39591E-03 -0.45928E-03 -0.52070E-03
  0.00000E+00  0.00000E+00
  0.00000E+00 -0.49422E-03 -0.43326E-03 -0.37148E-03 -0.31020E-03 -0.25051E-03 -0.19331E-03 -0.13922E-03
 -0.88667E-04 -0.41891E-04  0.10286E-05  0.40133E-04  0.75549E-04  0.10747E-03  0.13611E-03  0.16174E-03
  0.18459E-03  0.20493E-03  0.22300E-03  0.23903E-03  0.25323E-03  0.26581E-03  0.27692E-03  0.28675E-03
  0.29542E-03  0.30307E-03  0.30981E-03  0.31571E-03  0.32088E-03  0.32536E-03  0.32920E-03  0.33245E-03
  0.33512E-03  0.33721E-03  0.33872E-03  0.33962E-03  0.33986E-03  0.33939E-03  0.33812E-03  0.33595E-03
  0.33275E-03  0.32835E-03  0.32259E-03  0.31523E-03  0.30603E-03  0.29470E-03  0.28093E-03  0.26436E-03
  0.24460E-03  0.22125E-03  0.19391E-03  0.16216E-03  0.12562E-03  0.84008E-04  0.37103E-04 -0.15147E-04
 -0.72604E-04 -0.13490E-03 -0.20139E-03 -0.27116E-03 -0.34306E-03 -0.41572E-03 -0.48771E-03 -0.55759E-03
  0.00000E+00  0.00000E+00
  0.00000E+00 -0.52804E-03 -0.45913E-03 -0.38936E-03 -0.32039E-03 -0.25356E-03 -0.18993E-03 -0.13024E-03
 -0.74918E-04 -0.24192E-04  0.21917E-04  0.63524E-04  0.10084E-03  0.13415E-03  0.16375E-03  0.18998E-03
  0.21316E-03  0.23360E-03  0.25159E-03  0.26741E-03  0.28131E-03  0.29351E-03  0.30422E-03  0.31363E-03
  0.32188E-03  0.32912E-03  0.33548E-03  0.34104E-03  0.34590E-03  0.35013E-03  0.35379E-03  0.35691E-03
  0.35952E-03  0.36163E-03  0.36324E-03  0.36431E-03  0.36482E-03  0.36471E-03  0.36388E-03  0.36225E-03
  0.35967E-03  0.35598E-03  0.35100E-03  0.34449E-03  0.33619E-03  0.32577E-03  0.31289E-03  0.29714E-03
  0.27806E-03  0.25518E-03  0.22797E-03  0.19592E-03  0.15852E-03  0.11530E-03  0.65906E-04  0.10140E-04
 -0.51984E-04 -0.12017E-03 -0.19378E-03 -0.27181E-03 -0.35291E-03 -0.43543E-03 -0.51754E-03 -0.59742E-03
  0.00000E+00  0.00000E+00
  0.00000E+00 -0.56511E-03 -0.48662E-03 -0.40728E-03 -0.32919E-03 -0.25402E-03 -0.18303E-03 -0.11704E-03
 -0.56508E-04 -0.15962E-05  0.47767E-04  0.91811E-04  0.13087E-03  0.16533E-03  0.19562E-03  0.22216E-03
  0.24535E-03  0.26557E-03  0.28319E-03  0.29851E-03  0.31184E-03  0.32343E-03  0.33352E-03  0.34229E-03
  0.34993E-03  0.35659E-03  0.36241E-03  0.36749E-03  0.37193E-03  0.37581E-03  0.37919E-03  0.38210E-03
  0.38460E-03  0.38668E-03  0.38835E-03  0.38959E-03  0.39036E-03  0.39062E-03  0.39028E-03  0.38923E-03
  0.38737E-03  0.38451E-03  0.38046E-03  0.37498E-03  0.36780E-03  0.35856E-03  0.34689E-03  0.33232E-03
  0.31433E-03  0.29237E-03  0.26580E-03  0.23395E-03  0.19616E-03  0.15179E-03  0.10025E-03  0.41155E-04
 -0.25680E-04 -0.10009E-03 -0.18151E-03 -0.26885E-03 -0.36058E-03 -0.45466E-03 -0.54880E-03 -0.64061E-03
  0.00000E+00  0.00000E+00
  0.00000E+00 -0.60603E-03 -0.51583E-03 -0.42487E-03 -0.33584E-03 -0.25086E-03 -0.17140E-03 -0.98372E-04
 -0.32199E-04  0.27069E-04  0.79652E-04  0.12595E-03  0.16646E-03  0.20172E-03  0.23231E-03  0.25875E-03
  0.28155E-03  0.30117E-03  0.31804E-03  0.33253E-03  0.34497E-03  0.35566E-03  0.36484E-03  0.37275E-03
  0.37956E-03  0.38546E-03  0.39057E-03  0.39502E-03  0.39890E-03  0.40231E-03  0.40531E-03  0.40794E-03
  0.41025E-03  0.41225E-03  0.41394E-03  0.41532E-03  0.41636E-03  0.41700E-03  0.41717E-03  0.41678E-03
  0.41571E-03  0.41378E-03  0.41082E-03  0.40656E-03  0.40073E-03  0.39296E-03  0.38283E-03  0.36985E-03
  0.35343E-03  0.33292E-03  0.30757E-03  0.27657E-03  0.23905E-03  0.19414E-03  0.14100E-03  0.78951E-04
  0.75281E-05 -0.73343E-04 -0.16323E-03 -0.26107E-03 -0.36509E-03 -0.47285E-03 -0.58143E-03 -0.68766E-03
  0.00000E+00  0.00000E+00
  0.00000E+00 -0.65155E-03 -0.54677E-03 -0.44150E-03 -0.33925E-03 -0.24266E-03 -0.15345E-03 -0.72599E-04
 -0.41017E-06  0.63260E-04  0.11887E-03  0.16706E-03  0.20855E-03  0.24410E-03  0.27444E-03  0.30025E-03
  0.32215E-03  0.34069E-03  0.35636E-03  0.36961E-03  0.38079E-03  0.39024E-03  0.39822E-03  0.40499E-03
  0.41074E-03  0.41566E-03  0.41988E-03  0.42353E-03  0.42672E-03  0.42954E-03  0.43205E-03  0.43431E-03
  0.43636E-03  0.43822E-03  0.43990E-03  0.44139E-03  0.44267E-03  0.44371E-03  0.44442E-03  0.44474E-03
  0.44453E-03  0.44365E-03  0.44191E-03  0.43906E-03  0.43481E-03  0.42880E-03  0.42059E-03  0.40963E-03
  0.39531E-03  0.37687E-03  0.35345E-03  0.32408E-03  0.28767E-03  0.24306E-03  0.18912E-03  0.12475E-03
  0.49117E-04 -0.38249E-04 -0.13720E-03 -0.24679E-03 -0.36509E-03 -0.48917E-03 -0.61529E-03 -0.73922E-03
  0.00000E+00  0.00000E+00
  0.00000E+00 -0.70258E-03 -0.57934E-03 -0.45619E-03 -0.33777E-03 -0.22737E-03 -0.12699E-03 -0.37554E-04
  0.40871E-04  0.10877E-03  0.16696E-03  0.21642E-03  0.25820E-03  0.29331E-03  0.32268E-03  0.34716E-03
  0.36751E-03  0.38438E-03  0.39833E-03  0.40984E-03  0.41934E-03  0.42717E-03  0.43362E-03  0.43896E-03
  0.44339E-03  0.44710E-03  0.45023E-03  0.45292E-03  0.45527E-03  0.45737E-03  0.45929E-03  0.46109E-03
  0.46280E-03  0.46446E-03  0.46607E-03  0.46765E-03  0.46917E-03  0.47059E-03  0.47187E-03  0.47293E-03
  0.47366E-03  0.47392E-03  0.47354E-03  0.47228E-03  0.46985E-03  0.46590E-03  0.45998E-03  0.45152E-03
  0.43986E-03  0.42418E-03  0.40351E-03  0.37670E-03  0.34244E-03  0.29927E-03  0.24563E-03  0.17996E-03
  0.10086E-03  0.72862E-05 -0.10113E-03 -0.22374E-03 -0.35861E-03 -0.50232E-03 -0.65004E-03 -0.79606E-03
  0.00000E+00  0.00000E+00
  0.00000E+00 -0.76026E-03 -0.61314E-03 -0.46729E-03 -0.32889E-03 -0.20208E-03 -0.89022E-04  0.96031E-05
  0.94189E-04  0.16577E-03  0.22572E-03  0.27549E-03  0.31654E-03  0.35020E-03  0.37765E-03  0.39993E-03
  0.41794E-03  0.43242E-03  0.44402E-03  0.45326E-03  0.46059E-03  0.46638E-03  0.47094E-03  0.47453E-03
  0.47737E-03  0.47964E-03  0.48149E-03  0.48304E-03  0.48440E-03  0.48565E-03  0.48687E-03  0.48811E-03
  0.48941E-03  0.49081E-03  0.49232E-03  0.49394E-03  0.49568E-03  0.49749E-03  0.49935E-03  0.50119E-03
  0.50292E-03  0.50441E-03  0.50551E-03  0.50600E-03  0.50562E-03  0.50402E-03  0.50076E-03  0.49529E-03
  0.48690E-03  0.47473E-03  0.45772E-03  0.43456E-03  0.40373E-03  0.36342E-03  0.31161E-03  0.24614E-03
  0.16485E-03  0.65881E-04 -0.51988E-04 -0.18879E-03 -0.34283E-03 -0.51027E-03 -0.68498E-03 -0.85914E-03
  0.00000E+00  0.00000E+00
  0.00000E+00 -0.82593E-03 -0.64721E-03 -0.47205E-03 -0.30885E-03 -0.16260E-03 -0.35435E-04  0.72587E-04
  0.16271E-03  0.23686E-03  0.29719E-03  0.34582E-03  0.38471E-03  0.41558E-03  0.43989E-03  0.45889E-03
  0.47361E-03  0.48488E-03  0.49341E-03  0.49976E-03  0.50440E-03  0.50770E-03  0.50999E-03  0.51151E-03
  0.51248E-03  0.51308E-03  0.51343E-03  0.51368E-03  0.51390E-03  0.51419E-03  0.51460E-03  0.51520E-03
  0.51603E-03  0.51711E-03  0.51846E-03  0.52011E-03  0.52204E-03  0.52424E-03  0.52669E-03  0.52933E-03
  0.53210E-03  0.53490E-03  0.53759E-03  0.53999E-03  0.54186E-03  0.54289E-03  0.54266E-03  0.54064E-03
  0.53614E-03  0.52827E-03  0.51592E-03  0.49767E-03  0.47177E-03  0.43609E-03  0.38811E-03  0.32496E-03
  0.24352E-03  0.14076E-03  0.14149E-04 -0.13758E-03 -0.31355E-03 -0.50980E-03 -0.71875E-03 -0.92956E-03
  0.00000E+00  0.00000E+00
  0.00000E+00 -0.90111E-03 -0.67947E-03 -0.46592E-03 -0.27179E-03 -0.10287E-03  0.39366E-04  0.15618E-03
  0.25031E-03  0.32502E-03  0.38358E-03  0.42897E-03  0.46376E-03  0.49011E-03  0.50978E-03  0.52421E-03
  0.53452E-03  0.54165E-03  0.54632E-03  0.54912E-03  0.55051E-03  0.55086E-03  0.55049E-03  0.54961E-03
  0.54844E-03  0.54713E-03  0.54581E-03  0.54459E-03  0.54355E-03  0.54276E-03  0.54228E-03  0.54217E-03
  0.54245E-03  0.54317E-03  0.54433E-03  0.54597E-03  0.54808E-03  0.55067E-03  0.55371E-03  0.55718E-03
  0.56103E-03  0.56520E-03  0.56956E-03  0.57400E-03  0.57830E-03  0.58220E-03  0.58533E-03  0.58722E-03
  0.58721E-03  0.58445E-03  0.57780E-03  0.56581E-03  0.54657E-03  0.51765E-03  0.47605E-03  0.41809E-03
  0.33954E-03  0.23579E-03  0.10239E-03 -0.64074E-04 -0.26452E-03 -0.49572E-03 -0.74870E-03 -0.10085E-02
  0.00000E+00  0.00000E+00
  0.00000E+00 -0.98721E-03 -0.70561E-03 -0.44107E-03 -0.20865E-03 -0.14140E-04  0.14292E-03  0.26641E-03
  0.36150E-03  0.43347E-03  0.48707E-03  0.52632E-03  0.55449E-03  0.57417E-03  0.58739E-03  0.59573E-03
  0.60040E-03  0.60237E-03  0.60235E-03  0.60091E-03  0.59849E-03  0.59543E-03  0.59201E-03  0.58844E-03
  0.58487E-03  0.58146E-03  0.57829E-03  0.57546E-03  0.57305E-03  0.57109E-03  0.56965E-03  0.56876E-03
  0.56846E-03  0.56878E-03  0.56973E-03  0.57135E-03  0.57363E-03  0.57659E-03  0.58024E-03  0.58455E-03
  0.58951E-03  0.59509E-03  0.60121E-03  0.60778E-03  0.61465E-03  0.62162E-03  0.62841E-03  0.63461E-03
  0.63965E-03  0.64276E-03  0.64288E-03  0.63857E-03  0.62786E-03  0.60817E-03  0.57604E-03  0.52706E-03
  0.45573E-03  0.35549E-03  0.21919E-03  0.40048E-04 -0.18641E-03 -0.45945E-03 -0.76971E-03 -0.10969E-02
  0.00000E+00  0.00000E+00
  0.00000E+00 -0.10846E-02 -0.71677E-03 -0.38402E-03 -0.10525E-03  0.11609E-03  0.28514E-03  0.41052E-03
  0.50126E-03  0.56539E-03  0.60952E-03  0.63880E-03  0.65717E-03  0.66761E-03  0.67230E-03  0.67290E-03
  0.67061E-03  0.66636E-03  0.66080E-03  0.65446E-03  0.64770E-03  0.64081E-03  0.63401E-03  0.62746E-03
  0.62130E-03  0.61561E-03  0.61047E-03  0.60593E-03  0.60206E-03  0.59888E-03  0.59643E-03  0.59474E-03
  0.59383E-03  0.59373E-03  0.59446E-03  0.59605E-03  0.59850E-03  0.60185E-03  0.60610E-03  0.61127E-03
  0.61737E-03  0.62439E-03  0.63231E-03  0.64109E-03  0.65064E-03  0.66085E-03  0.67152E-03  0.68235E-03
  0.69293E-03  0.70260E-03  0.71047E-03  0.71523E-03  0.71502E-03  0.70722E-03  0.68819E-03  0.65290E-03
  0.59465E-03  0.50471E-03  0.37245E-03  0.18607E-03 -0.65187E-04 -0.38669E-03 -0.77173E-03 -0.11944E-02
  0.00000E+00  0.00000E+00
  0.00000E+00 -0.11901E-02 -0.69453E-03 -0.27120E-03  0.60381E-04  0.30522E-03  0.47839E-03  0.59656E-03
  0.67435E-03  0.72326E-03  0.75187E-03  0.76639E-03  0.77123E-03  0.76952E-03  0.76346E-03  0.75460E-03
  0.74404E-03  0.73255E-03  0.72068E-03  0.70883E-03  0.69727E-03  0.68620E-03  0.67576E-03  0.66605E-03
  0.65712E-03  0.64905E-03  0.64185E-03  0.63556E-03  0.63020E-03  0.62578E-03  0.62231E-03  0.61981E-03
  0.61830E-03  0.61780E-03  0.61832E-03  0.61988E-03  0.62252E-03  0.62627E-03  0.63115E-03  0.63720E-03
  0.64446E-03  0.65295E-03  0.66270E-03  0.67372E-03  0.68603E-03  0.69957E-03  0.71428E-03  0.72999E-03
  0.74646E-03  0.76326E-03  0.77972E-03  0.79481E-03  0.80696E-03  0.81381E-03  0.81181E-03  0.79577E-03
  0.75810E-03  0.68810E-03  0.57117E-03  0.38874E-03  0.11989E-03 -0.25333E-03 -0.73464E-03 -0.12964E-02
  0.00000E+00  0.00000E+00
  0.00000E+00 -0.12886E-02 -0.60022E-03 -0.61400E-04  0.32153E-03  0.57622E-03  0.73670E-03  0.83209E-03
  0.88409E-03  0.90780E-03  0.91338E-03  0.90757E-03  0.89479E-03  0.87795E-03  0.85894E-03  0.83901E-03
  0.81899E-03  0.79941E-03  0.78061E-03  0.76280E-03  0.74611E-03  0.73063E-03  0.71638E-03  0.70339E-03
  0.69165E-03  0.68116E-03  0.67190E-03  0.66386E-03  0.65703E-03  0.65139E-03  0.64693E-03  0.64367E-03
  0.64160E-03  0.64073E-03  0.64108E-03  0.64267E-03  0.64554E-03  0.64972E-03  0.65526E-03  0.66221E-03
  0.67064E-03  0.68062E-03  0.69223E-03  0.70553E-03  0.72061E-03  0.73754E-03  0.75636E-03  0.77709E-03
  0.79968E-03  0.82398E-03  0.84965E-03  0.87607E-03  0.90219E-03  0.92620E-03  0.94519E-03  0.95438E-03
  0.94624E-03  0.90889E-03  0.82425E-03  0.66598E-03  0.39856E-03 -0.18903E-04 -0.61774E-03 -0.13853E-02
  0.00000E+00  0.00000E+00
  0.00000E+00 -0.13292E-02 -0.35206E-03  0.31604E-03  0.72560E-03  0.95592E-03  0.10728E-02  0.11214E-02
  0.11301E-02  0.11164E-02  0.10905E-02  0.10586E-02  0.10242E-02  0.98954E-03  0.95573E-03  0.92348E-03
  0.89315E-03  0.86491E-03  0.83879E-03  0.81479E-03  0.79285E-03  0.77289E-03  0.75483E-03  0.73859E-03
  0.72409E-03  0.71124E-03  0.69999E-03  0.69028E-03  0.68206E-03  0.67529E-03  0.66995E-03  0.66600E-03
  0.66345E-03  0.66229E-03  0.66255E-03  0.66423E-03  0.66739E-03  0.67205E-03  0.67830E-03  0.68620E-03
  0.69585E-03  0.70734E-03  0.72081E-03  0.73640E-03  0.75426E-03  0.77457E-03  0.79752E-03  0.82329E-03
  0.85208E-03  0.88404E-03  0.91925E-03  0.95762E-03  0.99882E-03  0.10420E-02  0.10853E-02  0.11255E-02
  0.11564E-02  0.11669E-02  0.11379E-02  0.10365E-02  0.81042E-03  0.38264E-03 -0.33820E-03 -0.14058E-02
  0.00000E+00  0.00000E+00
  0.00000E+00 -0.11545E-02  0.22073E-03  0.97465E-03  0.13311E-02  0.14675E-02  0.14912E-02  0.14603E-02
  0.14051E-02  0.13411E-02  0.12758E-02  0.12128E-02  0.11538E-02  0.10994E-02  0.10497E-02  0.10045E-02
  0.96355E-03  0.92651E-03  0.89309E-03  0.86298E-03  0.83591E-03  0.81164E-03  0.78994E-03  0.77063E-03
  0.75354E-03  0.73852E-03  0.72546E-03  0.71425E-03  0.70481E-03  0.69707E-03  0.69097E-03  0.68648E-03
  0.68358E-03  0.68226E-03  0.68253E-03  0.68441E-03  0.68794E-03  0.69319E-03  0.70022E-03  0.70912E-03
  0.72003E-03  0.73308E-03  0.74844E-03  0.76631E-03  0.78694E-03  0.81060E-03  0.83762E-03  0.86837E-03
  0.90329E-03  0.94286E-03  0.98760E-03  0.10381E-02  0.10948E-02  0.11582E-02  0.12281E-02  0.13037E-02
  0.13821E-02  0.14561E-02  0.15105E-02  0.15131E-02  0.14001E-02  0.10517E-02  0.26947E-03 -0.11940E-02
  0.00000E+00  0.00000E+00
  0.00000E+00 -0.29103E-03  0.14534E-02  0.20677E-02  0.21848E-02  0.21108E-02  0.19751E-02  0.18289E-02
  0.16909E-02  0.15665E-02  0.14567E-02  0.13602E-02  0.12755E-02  0.12011E-02  0.11356E-02  0.10778E-02
  0.10266E-02  0.98130E-03  0.94105E-03  0.90530E-03  0.87355E-03  0.84538E-03  0.82043E-03  0.79842E-03
  0.77908E-03  0.76220E-03  0.74762E-03  0.73517E-03  0.72475E-03  0.71626E-03  0.70962E-03  0.70479E-03
  0.70172E-03  0.70040E-03  0.70084E-03  0.70306E-03  0.70711E-03  0.71305E-03  0.72097E-03  0.73098E-03
  0.74322E-03  0.75788E-03  0.77517E-03  0.79535E-03  0.81873E-03  0.84570E-03  0.87670E-03  0.91230E-03
  0.95316E-03  0.10001E-02  0.10541E-02  0.11163E-02  0.11883E-02  0.12717E-02  0.13687E-02  0.14816E-02
  0.16123E-02  0.17616E-02  0.19258E-02  0.20880E-02  0.21968E-02  0.21157E-02  0.15159E-02 -0.28012E-03
  0.00000E+00  0.00000E+00
  0.00000E+00  0.26406E-02  0.38855E-02  0.37026E-02  0.32525E-02  0.28233E-02  0.24686E-02  0.21840E-02
  0.19553E-02  0.17693E-02  0.16159E-02  0.14877E-02  0.13794E-02  0.12870E-02  0.12074E-02  0.11386E-02
  0.10786E-02  0.10261E-02  0.98006E-03  0.93958E-03  0.90395E-03  0.87259E-03  0.84503E-03  0.82086E-03
  0.79977E-03  0.78149E-03  0.76578E-03  0.75247E-03  0.74141E-03  0.73247E-03  0.72558E-03  0.72065E-03
  0.71764E-03  0.71655E-03  0.71736E-03  0.72011E-03  0.72484E-03  0.73163E-03  0.74057E-03  0.75181E-03
  0.76551E-03  0.78187E-03  0.80116E-03  0.82369E-03  0.84984E-03  0.88008E-03  0.91499E-03  0.95528E-03
  0.10018E-02  0.10557E-02  0.11184E-02  0.11917E-02  0.12779E-02  0.13802E-02  0.15027E-02  0.16510E-02
  0.18332E-02  0.20603E-02  0.23472E-02  0.27117E-02  0.31633E-02  0.36539E-02  0.38870E-02  0.26522E-02
  0.00000E+00  0.00000E+00
  0.00000E+00  0.00000E+00  0.00000E+00  0.00000E+00  0.00000E+00  0.00000E+00  0.00000E+00  0.00000E+00
  0.00000E+00  0.00000E+00  0.00000E+00  0.00000E+00  0.00000E+00  0.00000E+00  0.00000E+00  0.00000E+00
  0.00000E+00  0.00000E+00  0.00000E+00  0.00000E+00  0.00000E+00  0.00000E+00  0.00000E+00  0.00000E+00
  0.00000E+00  0.00000E+00  0.00000E+00  0.00000E+00  0.00000E+00  0.00000E+00  0.00000E+00  0.00000E+00
  0.00000E+00  0.00000E+00  0.00000E+00  0.00000E+00  0.00000E+00  0.00000E+00  0.00000E+00  0.00000E+00
  0.00000E+00  0.00000E+00  0.00000E+00  0.00000E+00  0.00000E+00  0.00000E+00  0.00000E+00  0.00000E+00
  0.00000E+00  0.00000E+00  0.00000E+00  0.00000E+00  0.00000E+00  0.00000E+00  0.00000E+00  0.00000E+00
  0.00000E+00  0.00000E+00  0.00000E+00  0.00000E+00  0.00000E+00  0.00000E+00  0.00000E+00  0.00000E+00
  0.00000E+00  0.00000E+00
  0.00000E+00  0.00000E+00  0.00000E+00  0.00000E+00  0.00000E+00  0.00000E+00  0.00000E+00  0.00000E+00
  0.00000E+00  0.00000E+00  0.00000E+00  0.00000E+00  0.00000E+00  0.00000E+00  0.00000E+00  0.00000E+00
  0.00000E+00  0.00000E+00  0.00000E+00  0.00000E+00  0.00000E+00  0.00000E+00  0.00000E+00  0.00000E+00
  0.00000E+00  0.00000E+00  0.00000E+00  0.00000E+00  0.00000E+00  0.00000E+00  0.00000E+00  0.00000E+00
  0.00000E+00  0.00000E+00  0.00000E+00  0.00000E+00  0.00000E+00  0.00000E+00  0.00000E+00  0.00000E+00
  0.00000E+00  0.00000E+00  0.00000E+00  0.00000E+00  0.00000E+00  0.00000E+00  0.00000E+00  0.00000E+00
  0.00000E+00  0.00000E+00  0.00000E+00  0.00000E+00  0.00000E+00  0.00000E+00  0.00000E+00  0.00000E+00
  0.00000E+00  0.00000E+00  0.00000E+00  0.00000E+00  0.00000E+00  0.00000E+00  0.00000E+00  0.00000E+00
  0.00000E+00  0.00000E+00
