              vvel00 0.50018E+00
    2   65    2   65
  0.15625E-01  0.31250E-01  0.46875E-01  0.62500E-01  0.78125E-01  0.93750E-01  0.10938E+00  0.12500E+00
  0.14063E+00  0.15625E+00  0.17188E+00  0.18750E+00  0.20313E+00  0.21875E+00  0.23438E+00  0.25000E+00
  0.26563E+00  0.28125E+00  0.29688E+00  0.31250E+00  0.32813E+00  0.34375E+00  0.35938E+00  0.37500E+00
  0.39063E+00  0.40625E+00  0.42188E+00  0.43750E+00  0.45313E+00  0.46875E+00  0.48438E+00  0.50000E+00
  0.51563E+00  0.53125E+00  0.54688E+00  0.56250E+00  0.57813E+00  0.59375E+00  0.60938E+00  0.62500E+00
  0.64063E+00  0.65625E+00  0.67188E+00  0.68750E+00  0.70313E+00  0.71875E+00  0.73438E+00  0.75000E+00
  0.76563E+00  0.78125E+00  0.79688E+00  0.81250E+00  0.82813E+00  0.84375E+00  0.85938E+00  0.87500E+00
  0.89063E+00  0.90625E+00  0.92188E+00  0.93750E+00  0.95313E+00  0.96875E+00  0.98438E+00  0.10000E+01
  0.15625E-01  0.31250E-01  0.46875E-01  0.62500E-01  0.78125E-01  0.93750E-01  0.10938E+00  0.12500E+00
  0.14063E+00  0.15625E+00  0.17188E+00  0.18750E+00  0.20313E+00  0.21875E+00  0.23438E+00  0.25000E+00
  0.26563E+00  0.28125E+00  0.29688E+00  0.31250E+00  0.32813E+00  0.34375E+00  0.35938E+00  0.37500E+00
  0.39063E+00  0.40625E+00  0.42188E+00  0.43750E+00  0.45313E+00  0.46875E+00  0.48438E+00  0.50000E+00
  0.51563E+00  0.53125E+00  0.54688E+00  0.56250E+00  0.57813E+00  0.59375E+00  0.60938E+00  0.62500E+00
  0.64063E+00  0.65625E+00  0.67188E+00  0.68750E+00  0.70313E+00  0.71875E+00  0.73438E+00  0.75000E+00
  0.76563E+00  0.78125E+00  0.79688E+00  0.81250E+00  0.82813E+00  0.84375E+00  0.85938E+00  0.87500E+00
  0.89063E+00  0.90625E+00  0.92188E+00  0.93750E+00  0.95313E+00  0.96875E+00  0.98438E+00  0.10000E+01
  0.00000E+00  0.00000E+00  0.00000E+00  0.00000E+00  0.00000E+00  0.00000E+00  0.00000E+00  0.00000E+00
  0.00000E+00  0.00000E+00  0.00000E+00  0.00000E+00  0.00000E+00  0.00000E+00  0.00000E+00  0.00000E+00
  0.00000E+00  0.00000E+00  0.00000E+00  0.00000E+00  0.00000E+00  0.00000E+00  0.00000E+00  0.00000E+00
  0.00000E+00  0.00000E+00  0.00000E+00  0.00000E+00  0.00000E+00  0.00000E+00  0.00000E+00  0.00000E+00
  0.00000E+00  0.00000E+00  0.00000E+00  0.00000E+00  0.00000E+00  0.00000E+00  0.00000E+00  0.00000E+00
  0.00000E+00  0.00000E+00  0.00000E+00  0.00000E+00  0.00000E+00  0.00000E+00  0.00000E+00  0.00000E+00
  0.00000E+00  0.00000E+00  0.00000E+00  0.00000E+00  0.00000E+00  0.00000E+00  0.00000E+00  0.00000E+00
  0.00000E+00  0.00000E+00  0.00000E+00  0.00000E+00  0.00000E+00  0.00000E+00  0.00000E+00  0.00000E+00
  0.00000E+00  0.00000E+00
  0.00000E+00 -0.22926E-04 -0.32059E-04 -0.15140E-04  0.20429E-04  0.64111E-04  0.10593E-03  0.13978E-03
  0.16500E-03  0.18488E-03  0.20353E-03  0.22298E-03  0.24218E-03  0.25815E-03  0.26829E-03  0.27208E-03
  0.27114E-03  0.26771E-03  0.26312E-03  0.25717E-03  0.24890E-03  0.23761E-03  0.22340E-03  0.20689E-03
  0.18868E-03  0.16909E-03  0.14819E-03  0.12604E-03  0.10277E-03  0.78584E-04  0.53690E-04  0.28267E-04
  0.25010E-05 -0.23398E-04 -0.49204E-04 -0.74692E-04 -0.99646E-04 -0.12386E-03 -0.14711E-03 -0.16918E-03
 -0.18984E-03 -0.20883E-03 -0.22593E-03 -0.24090E-03 -0.25353E-03 -0.26357E-03 -0.27083E-03 -0.27510E-03
 -0.27619E-03 -0.27392E-03 -0.26814E-03 -0.25873E-03 -0.24560E-03 -0.22869E-03 -0.20799E-03 -0.18359E-03
 -0.15566E-03 -0.12451E-03 -0.90763E-04 -0.55452E-04 -0.20471E-04  0.10722E-04  0.31820E-04  0.32216E-04
  0.00000E+00  0.00000E+00
  0.00000E+00 -0.80115E-04 -0.57468E-04  0.28135E-04  0.14801E-03  0.27733E-03  0.40073E-03  0.51228E-03
  0.61253E-03  0.70408E-03  0.78797E-03  0.86246E-03  0.92412E-03  0.97017E-03  0.10001E-02  0.10159E-02
  0.10201E-02  0.10146E-02  0.99967E-03  0.97485E-03  0.93980E-03  0.89501E-03  0.84155E-03  0.78054E-03
  0.71285E-03  0.63913E-03  0.55997E-03  0.47601E-03  0.38793E-03  0.29641E-03  0.20217E-03  0.10595E-03
  0.85355E-05 -0.89265E-04 -0.18665E-03 -0.28282E-03 -0.37698E-03 -0.46832E-03 -0.55598E-03 -0.63910E-03
 -0.71680E-03 -0.78819E-03 -0.85242E-03 -0.90862E-03 -0.95595E-03 -0.99361E-03 -0.10208E-02 -0.10368E-02
 -0.10410E-02 -0.10327E-02 -0.10114E-02 -0.97687E-03 -0.92873E-03 -0.86694E-03 -0.79169E-03 -0.70346E-03
 -0.60317E-03 -0.49238E-03 -0.37364E-03 -0.25102E-03 -0.13108E-03 -0.24420E-04  0.52074E-04  0.72439E-04
  0.00000E+00  0.00000E+00
  0.00000E+00 -0.99230E-04 -0.11111E-04  0.17272E-03  0.40482E-03  0.65195E-03  0.89594E-03  0.11287E-02
  0.13465E-02  0.15463E-02  0.17240E-02  0.18752E-02  0.19971E-02  0.20889E-02  0.21522E-02  0.21894E-02
  0.22022E-02  0.21916E-02  0.21581E-02  0.21022E-02  0.20250E-02  0.19284E-02  0.18138E-02  0.16829E-02
  0.15372E-02  0.13781E-02  0.12072E-02  0.10259E-02  0.83579E-03  0.63825E-03  0.43488E-03  0.22733E-03
  0.17301E-04 -0.19351E-03 -0.40341E-03 -0.61069E-03 -0.81359E-03 -0.10103E-02 -0.11990E-02 -0.13779E-02
 -0.15450E-02 -0.16985E-02 -0.18366E-02 -0.19574E-02 -0.20592E-02 -0.21402E-02 -0.21989E-02 -0.22337E-02
 -0.22432E-02 -0.22263E-02 -0.21820E-02 -0.21097E-02 -0.20089E-02 -0.18797E-02 -0.17228E-02 -0.15394E-02
 -0.13318E-02 -0.11037E-02 -0.86054E-03 -0.61087E-03 -0.36733E-03 -0.14898E-03  0.15844E-04  0.85563E-04
  0.00000E+00  0.00000E+00
  0.00000E+00 -0.49681E-04  0.13405E-03  0.44057E-03  0.81107E-03  0.12082E-02  0.16090E-02  0.19982E-02
  0.23638E-02  0.26959E-02  0.29869E-02  0.32325E-02  0.34311E-02  0.35836E-02  0.36912E-02  0.37554E-02
  0.37769E-02  0.37570E-02  0.36972E-02  0.35997E-02  0.34670E-02  0.33014E-02  0.31054E-02  0.28813E-02
  0.26317E-02  0.23592E-02  0.20664E-02  0.17557E-02  0.14299E-02  0.10914E-02  0.74313E-03  0.38781E-03
  0.28300E-04 -0.33254E-03 -0.69179E-03 -0.10465E-02 -0.13936E-02 -0.17301E-02 -0.20528E-02 -0.23586E-02
 -0.26443E-02 -0.29068E-02 -0.31428E-02 -0.33495E-02 -0.35237E-02 -0.36626E-02 -0.37636E-02 -0.38241E-02
 -0.38419E-02 -0.38152E-02 -0.37425E-02 -0.36227E-02 -0.34555E-02 -0.32413E-02 -0.29813E-02 -0.26780E-02
 -0.23356E-02 -0.19605E-02 -0.15618E-02 -0.11531E-02 -0.75357E-03 -0.39088E-03 -0.10400E-03  0.52089E-04
  0.00000E+00  0.00000E+00
  0.00000E+00  0.70466E-04  0.38308E-03  0.84234E-03  0.13839E-02  0.19651E-02  0.25539E-02  0.31250E-02
  0.36582E-02  0.41393E-02  0.45599E-02  0.49160E-02  0.52065E-02  0.54311E-02  0.55898E-02  0.56828E-02
  0.57113E-02  0.56776E-02  0.55847E-02  0.54360E-02  0.52347E-02  0.49840E-02  0.46875E-02  0.43488E-02
  0.39717E-02  0.35601E-02  0.31178E-02  0.26486E-02  0.21565E-02  0.16456E-02  0.11199E-02  0.58376E-03
  0.41319E-04 -0.50309E-03 -0.10451E-02 -0.15801E-02 -0.21036E-02 -0.26110E-02 -0.30976E-02 -0.35587E-02
 -0.39895E-02 -0.43854E-02 -0.47416E-02 -0.50536E-02 -0.53170E-02 -0.55276E-02 -0.56815E-02 -0.57750E-02
 -0.58049E-02 -0.57687E-02 -0.56641E-02 -0.54901E-02 -0.52461E-02 -0.49331E-02 -0.45532E-02 -0.41106E-02
 -0.36115E-02 -0.30653E-02 -0.24853E-02 -0.18902E-02 -0.13057E-02 -0.76716E-03 -0.32273E-03 -0.37617E-04
  0.00000E+00  0.00000E+00
  0.00000E+00  0.24704E-03  0.73292E-03  0.13857E-02  0.21368E-02  0.29342E-02  0.37354E-02  0.45062E-02
  0.52222E-02  0.58677E-02  0.64336E-02  0.69151E-02  0.73088E-02  0.76125E-02  0.78250E-02  0.79468E-02
  0.79801E-02  0.79284E-02  0.77955E-02  0.75855E-02  0.73026E-02  0.69514E-02  0.65367E-02  0.60635E-02
  0.55371E-02  0.49626E-02  0.43454E-02  0.36909E-02  0.30047E-02  0.22923E-02  0.15597E-02  0.81239E-03
  0.56423E-04 -0.70221E-03 -0.14574E-02 -0.22028E-02 -0.29322E-02 -0.36391E-02 -0.43170E-02 -0.49594E-02
 -0.55599E-02 -0.61118E-02 -0.66088E-02 -0.70447E-02 -0.74133E-02 -0.77090E-02 -0.79263E-02 -0.80605E-02
 -0.81072E-02 -0.80630E-02 -0.79253E-02 -0.76924E-02 -0.73642E-02 -0.69420E-02 -0.64292E-02 -0.58315E-02
 -0.51577E-02 -0.44202E-02 -0.36365E-02 -0.28303E-02 -0.20332E-02 -0.12872E-02 -0.64784E-03 -0.18741E-03
  0.00000E+00  0.00000E+00
  0.00000E+00  0.46917E-03  0.11840E-02  0.20780E-02  0.30764E-02  0.41172E-02  0.51499E-02  0.61367E-02
  0.70515E-02  0.78775E-02  0.86035E-02  0.92214E-02  0.97253E-02  0.10112E-01  0.10379E-01  0.10529E-01
  0.10565E-01  0.10490E-01  0.10309E-01  0.10028E-01  0.96506E-02  0.91840E-02  0.86342E-02  0.80078E-02
  0.73114E-02  0.65519E-02  0.57362E-02  0.48717E-02  0.39655E-02  0.30251E-02  0.20579E-02  0.10716E-02
  0.73976E-04 -0.92711E-03 -0.19235E-02 -0.29071E-02 -0.38696E-02 -0.48024E-02 -0.56972E-02 -0.65454E-02
 -0.73384E-02 -0.80678E-02 -0.87252E-02 -0.93025E-02 -0.97918E-02 -0.10186E-01 -0.10477E-01 -0.10661E-01
 -0.10730E-01 -0.10681E-01 -0.10510E-01 -0.10216E-01 -0.97980E-02 -0.92589E-02 -0.86028E-02 -0.78372E-02
 -0.69733E-02 -0.60268E-02 -0.50190E-02 -0.39781E-02 -0.29410E-02 -0.19553E-02 -0.10819E-02 -0.39797E-03
  0.00000E+00  0.00000E+00
  0.00000E+00  0.73974E-03  0.17426E-02  0.29236E-02  0.42022E-02  0.55098E-02  0.67933E-02  0.80144E-02
  0.91459E-02  0.10168E-01  0.11065E-01  0.11827E-01  0.12445E-01  0.12916E-01  0.13240E-01  0.13417E-01
  0.13451E-01  0.13347E-01  0.13110E-01  0.12746E-01  0.12263E-01  0.11666E-01  0.10965E-01  0.10168E-01
  0.92817E-02  0.83162E-02  0.72802E-02  0.61824E-02  0.50322E-02  0.38387E-02  0.26115E-02  0.13602E-02
  0.94637E-04 -0.11752E-02 -0.24391E-02 -0.36868E-02 -0.49077E-02 -0.60914E-02 -0.72270E-02 -0.83039E-02
 -0.93113E-02 -0.10239E-01 -0.11075E-01 -0.11811E-01 -0.12437E-01 -0.12942E-01 -0.13319E-01 -0.13560E-01
 -0.13659E-01 -0.13609E-01 -0.13407E-01 -0.13050E-01 -0.12540E-01 -0.11878E-01 -0.11070E-01 -0.10126E-01
 -0.90582E-02 -0.78861E-02 -0.66345E-02 -0.53357E-02 -0.40309E-02 -0.27724E-02 -0.16249E-02 -0.66838E-03
  0.00000E+00  0.00000E+00
  0.00000E+00  0.10708E-02  0.24148E-02  0.39225E-02  0.55101E-02  0.71084E-02  0.86653E-02  0.10142E-01
  0.11507E-01  0.12738E-01  0.13815E-01  0.14726E-01  0.15462E-01  0.16020E-01  0.16399E-01  0.16601E-01
  0.16629E-01  0.16489E-01  0.16187E-01  0.15730E-01  0.15127E-01  0.14386E-01  0.13518E-01  0.12532E-01
  0.11438E-01  0.10247E-01  0.89693E-02  0.76164E-02  0.61993E-02  0.47293E-02  0.32181E-02  0.16774E-02
  0.11931E-03 -0.14440E-02 -0.30000E-02 -0.45362E-02 -0.60398E-02 -0.74978E-02 -0.88971E-02 -0.10225E-01
 -0.11467E-01 -0.12612E-01 -0.13647E-01 -0.14558E-01 -0.15335E-01 -0.15966E-01 -0.16440E-01 -0.16749E-01
 -0.16884E-01 -0.16838E-01 -0.16608E-01 -0.16190E-01 -0.15585E-01 -0.14796E-01 -0.13829E-01 -0.12696E-01
 -0.11412E-01 -0.99988E-02 -0.84841E-02 -0.69038E-02 -0.53032E-02 -0.37376E-02 -0.22751E-02 -0.99702E-03
  0.00000E+00  0.00000E+00
  0.00000E+00  0.14711E-02  0.32010E-02  0.50706E-02  0.69969E-02  0.89137E-02  0.10769E-01  0.12522E-01
  0.14137E-01  0.15586E-01  0.16850E-01  0.17914E-01  0.18771E-01  0.19417E-01  0.19850E-01  0.20074E-01
  0.20090E-01  0.19906E-01  0.19529E-01  0.18969E-01  0.18234E-01  0.17335E-01  0.16284E-01  0.15093E-01
  0.13773E-01  0.12337E-01  0.10798E-01  0.91687E-02  0.74630E-02  0.56943E-02  0.38763E-02  0.20231E-02
  0.14914E-03 -0.17311E-02 -0.36028E-02 -0.54508E-02 -0.72600E-02 -0.90149E-02 -0.10700E-01 -0.12300E-01
 -0.13798E-01 -0.15180E-01 -0.16431E-01 -0.17535E-01 -0.18479E-01 -0.19248E-01 -0.19832E-01 -0.20218E-01
 -0.20398E-01 -0.20363E-01 -0.20108E-01 -0.19631E-01 -0.18930E-01 -0.18010E-01 -0.16879E-01 -0.15548E-01
 -0.14036E-01 -0.12365E-01 -0.10568E-01 -0.86824E-02 -0.67568E-02 -0.48495E-02 -0.30305E-02 -0.13822E-02
  0.00000E+00  0.00000E+00
  0.00000E+00  0.19381E-02  0.40950E-02  0.63629E-02  0.86621E-02  0.10929E-01  0.13108E-01  0.15156E-01
  0.17032E-01  0.18710E-01  0.20167E-01  0.21391E-01  0.22372E-01  0.23105E-01  0.23591E-01  0.23831E-01
  0.23829E-01  0.23594E-01  0.23133E-01  0.22457E-01  0.21577E-01  0.20506E-01  0.19257E-01  0.17844E-01
  0.16280E-01  0.14581E-01  0.12761E-01  0.10836E-01  0.88209E-02  0.67320E-02  0.45855E-02  0.23977E-02
  0.18547E-03 -0.20342E-02 -0.42440E-02 -0.64264E-02 -0.85634E-02 -0.10637E-01 -0.12629E-01 -0.14522E-01
 -0.16296E-01 -0.17935E-01 -0.19420E-01 -0.20733E-01 -0.21860E-01 -0.22783E-01 -0.23489E-01 -0.23964E-01
 -0.24198E-01 -0.24181E-01 -0.23906E-01 -0.23371E-01 -0.22575E-01 -0.21522E-01 -0.20220E-01 -0.18683E-01
 -0.16930E-01 -0.14987E-01 -0.12887E-01 -0.10671E-01 -0.83909E-02 -0.61063E-02 -0.38891E-02 -0.18222E-02
  0.00000E+00  0.00000E+00
  0.00000E+00  0.24610E-02  0.50888E-02  0.77963E-02  0.10506E-01  0.13154E-01  0.15682E-01  0.18041E-01
  0.20193E-01  0.22109E-01  0.23768E-01  0.25156E-01  0.26263E-01  0.27084E-01  0.27619E-01  0.27870E-01
  0.27844E-01  0.27548E-01  0.26993E-01  0.26190E-01  0.25153E-01  0.23896E-01  0.22433E-01  0.20782E-01
  0.18957E-01  0.16976E-01  0.14857E-01  0.12616E-01  0.10271E-01  0.78417E-02  0.53456E-02  0.28020E-02
  0.22989E-03 -0.23509E-02 -0.49207E-02 -0.74590E-02 -0.99455E-02 -0.12359E-01 -0.14680E-01 -0.16886E-01
 -0.18956E-01 -0.20870E-01 -0.22608E-01 -0.24149E-01 -0.25474E-01 -0.26566E-01 -0.27407E-01 -0.27983E-01
 -0.28281E-01 -0.28289E-01 -0.28001E-01 -0.27412E-01 -0.26521E-01 -0.25333E-01 -0.23855E-01 -0.22103E-01
 -0.20097E-01 -0.17865E-01 -0.15441E-01 -0.12870E-01 -0.10205E-01 -0.75066E-02 -0.48492E-02 -0.23158E-02
  0.00000E+00  0.00000E+00
  0.00000E+00  0.30300E-02  0.61778E-02  0.93700E-02  0.12529E-01  0.15588E-01  0.18487E-01  0.21176E-01
  0.23618E-01  0.25785E-01  0.27654E-01  0.29210E-01  0.30444E-01  0.31352E-01  0.31932E-01  0.32190E-01
  0.32131E-01  0.31766E-01  0.31106E-01  0.30165E-01  0.28957E-01  0.27500E-01  0.25809E-01  0.23903E-01
  0.21800E-01  0.19520E-01  0.17082E-01  0.14507E-01  0.11813E-01  0.90232E-02  0.61573E-02  0.32370E-02
  0.28422E-03 -0.26789E-02 -0.56297E-02 -0.85453E-02 -0.11403E-01 -0.14178E-01 -0.16847E-01 -0.19387E-01
 -0.21773E-01 -0.23983E-01 -0.25992E-01 -0.27778E-01 -0.29319E-01 -0.30594E-01 -0.31585E-01 -0.32274E-01
 -0.32647E-01 -0.32689E-01 -0.32394E-01 -0.31755E-01 -0.30770E-01 -0.29444E-01 -0.27786E-01 -0.25811E-01
 -0.23539E-01 -0.21001E-01 -0.18233E-01 -0.15280E-01 -0.12198E-01 -0.90498E-02 -0.59099E-02 -0.28621E-02
  0.00000E+00  0.00000E+00
  0.00000E+00  0.36427E-02  0.73623E-02  0.11084E-01  0.14729E-01  0.18228E-01  0.21521E-01  0.24560E-01
  0.27309E-01  0.29738E-01  0.31825E-01  0.33554E-01  0.34917E-01  0.35909E-01  0.36532E-01  0.36790E-01
  0.36692E-01  0.36249E-01  0.35473E-01  0.34381E-01  0.32989E-01  0.31317E-01  0.29382E-01  0.27206E-01
  0.24808E-01  0.22212E-01  0.19438E-01  0.16509E-01  0.13447E-01  0.10277E-01  0.70214E-02  0.37044E-02
  0.35047E-03 -0.30155E-02 -0.63682E-02 -0.96819E-02 -0.12931E-01 -0.16088E-01 -0.19127E-01 -0.22021E-01
 -0.24744E-01 -0.27268E-01 -0.29568E-01 -0.31617E-01 -0.33391E-01 -0.34867E-01 -0.36022E-01 -0.36838E-01
 -0.37296E-01 -0.37383E-01 -0.37087E-01 -0.36402E-01 -0.35326E-01 -0.33861E-01 -0.32018E-01 -0.29810E-01
 -0.27260E-01 -0.24399E-01 -0.21264E-01 -0.17903E-01 -0.14372E-01 -0.10736E-01 -0.70706E-02 -0.34608E-02
  0.00000E+00  0.00000E+00
  0.00000E+00  0.43038E-02  0.86454E-02  0.12939E-01  0.17104E-01  0.21071E-01  0.24784E-01  0.28195E-01
  0.31267E-01  0.33970E-01  0.36283E-01  0.38189E-01  0.39682E-01  0.40758E-01  0.41419E-01  0.41672E-01
  0.41526E-01  0.40994E-01  0.40092E-01  0.38837E-01  0.37248E-01  0.35346E-01  0.33152E-01  0.30689E-01
  0.27980E-01  0.25050E-01  0.21922E-01  0.18621E-01  0.15173E-01  0.11604E-01  0.79391E-02  0.42058E-02
  0.43087E-03 -0.33581E-02 -0.71331E-02 -0.10865E-01 -0.14526E-01 -0.18087E-01 -0.21516E-01 -0.24785E-01
 -0.27864E-01 -0.30723E-01 -0.33333E-01 -0.35664E-01 -0.37689E-01 -0.39382E-01 -0.40718E-01 -0.41674E-01
 -0.42231E-01 -0.42372E-01 -0.42083E-01 -0.41358E-01 -0.40192E-01 -0.38588E-01 -0.36554E-01 -0.34105E-01
 -0.31264E-01 -0.28062E-01 -0.24538E-01 -0.20741E-01 -0.16728E-01 -0.12566E-01 -0.83320E-02 -0.41119E-02
  0.00000E+00  0.00000E+00
  0.00000E+00  0.50194E-02  0.10029E-01  0.14933E-01  0.19653E-01  0.24120E-01  0.28279E-01  0.32083E-01
  0.35494E-01  0.38484E-01  0.41029E-01  0.43118E-01  0.44742E-01  0.45899E-01  0.46595E-01  0.46836E-01
  0.46634E-01  0.46004E-01  0.44964E-01  0.43533E-01  0.41733E-01  0.39586E-01  0.37118E-01  0.34353E-01
  0.31316E-01  0.28034E-01  0.24535E-01  0.20844E-01  0.16992E-01  0.13005E-01  0.89122E-02  0.47433E-02
  0.52784E-03 -0.37039E-02 -0.79212E-02 -0.12093E-01 -0.16186E-01 -0.20170E-01 -0.24011E-01 -0.27675E-01
 -0.31132E-01 -0.34346E-01 -0.37285E-01 -0.39918E-01 -0.42213E-01 -0.44141E-01 -0.45673E-01 -0.46785E-01
 -0.47453E-01 -0.47659E-01 -0.47387E-01 -0.46628E-01 -0.45375E-01 -0.43630E-01 -0.41401E-01 -0.38702E-01
 -0.35556E-01 -0.31995E-01 -0.28059E-01 -0.23797E-01 -0.19268E-01 -0.14542E-01 -0.96951E-02 -0.48159E-02
  0.00000E+00  0.00000E+00
  0.00000E+00  0.57920E-02  0.11514E-01  0.17069E-01  0.22379E-01  0.27378E-01  0.32009E-01  0.36228E-01
  0.39994E-01  0.43281E-01  0.46068E-01  0.48342E-01  0.50098E-01  0.51336E-01  0.52061E-01  0.52283E-01
  0.52017E-01  0.51278E-01  0.50088E-01  0.48468E-01  0.46443E-01  0.44038E-01  0.41280E-01  0.38196E-01
  0.34814E-01  0.31165E-01  0.27276E-01  0.23179E-01  0.18904E-01  0.14481E-01  0.99422E-02  0.53190E-02
  0.64396E-03 -0.40499E-02 -0.87291E-02 -0.13359E-01 -0.17906E-01 -0.22333E-01 -0.26606E-01 -0.30688E-01
 -0.34542E-01 -0.38132E-01 -0.41422E-01 -0.44376E-01 -0.46961E-01 -0.49142E-01 -0.50888E-01 -0.52172E-01
 -0.52966E-01 -0.53249E-01 -0.53003E-01 -0.52215E-01 -0.50879E-01 -0.48993E-01 -0.46565E-01 -0.43607E-01
 -0.40144E-01 -0.36205E-01 -0.31833E-01 -0.27077E-01 -0.21998E-01 -0.16666E-01 -0.11162E-01 -0.55738E-02
  0.00000E+00  0.00000E+00
  0.00000E+00  0.66199E-02  0.13100E-01  0.19347E-01  0.25285E-01  0.30847E-01  0.35978E-01  0.40632E-01
  0.44770E-01  0.48366E-01  0.51402E-01  0.53866E-01  0.55755E-01  0.57070E-01  0.57820E-01  0.58016E-01
  0.57675E-01  0.56818E-01  0.55466E-01  0.53644E-01  0.51379E-01  0.48700E-01  0.45637E-01  0.42218E-01
  0.38476E-01  0.34441E-01  0.30147E-01  0.25626E-01  0.20910E-01  0.16034E-01  0.11031E-01  0.59351E-02
  0.78199E-03 -0.43929E-02 -0.95533E-02 -0.14662E-01 -0.19682E-01 -0.24574E-01 -0.29299E-01 -0.33818E-01
 -0.38091E-01 -0.42078E-01 -0.45740E-01 -0.49037E-01 -0.51931E-01 -0.54385E-01 -0.56364E-01 -0.57836E-01
 -0.58771E-01 -0.59144E-01 -0.58935E-01 -0.58127E-01 -0.56711E-01 -0.54685E-01 -0.52053E-01 -0.48828E-01
 -0.45033E-01 -0.40698E-01 -0.35866E-01 -0.30586E-01 -0.24922E-01 -0.18944E-01 -0.12735E-01 -0.63871E-02
  0.00000E+00  0.00000E+00
  0.00000E+00  0.75004E-02  0.14786E-01  0.21769E-01  0.28374E-01  0.34532E-01  0.40189E-01  0.45298E-01
  0.49825E-01  0.53742E-01  0.57034E-01  0.59692E-01  0.61714E-01  0.63104E-01  0.63872E-01  0.64035E-01
  0.63611E-01  0.62623E-01  0.61096E-01  0.59058E-01  0.56540E-01  0.53572E-01  0.50187E-01  0.46418E-01
  0.42298E-01  0.37863E-01  0.33147E-01  0.28184E-01  0.23012E-01  0.17665E-01  0.12180E-01  0.65940E-02
  0.94483E-03 -0.47295E-02 -0.10390E-01 -0.15996E-01 -0.21509E-01 -0.26885E-01 -0.32083E-01 -0.37061E-01
 -0.41774E-01 -0.46180E-01 -0.50235E-01 -0.53896E-01 -0.57121E-01 -0.59868E-01 -0.62099E-01 -0.63778E-01
 -0.64871E-01 -0.65349E-01 -0.65187E-01 -0.64368E-01 -0.62878E-01 -0.60712E-01 -0.57874E-01 -0.54374E-01
 -0.50233E-01 -0.45483E-01 -0.40166E-01 -0.34332E-01 -0.28045E-01 -0.21379E-01 -0.14419E-01 -0.72576E-02
  0.00000E+00  0.00000E+00
  0.00000E+00  0.84330E-02  0.16575E-01  0.24339E-01  0.31649E-01  0.38436E-01  0.44645E-01  0.50232E-01
  0.55163E-01  0.59413E-01  0.62969E-01  0.65824E-01  0.67978E-01  0.69439E-01  0.70221E-01  0.70341E-01
  0.69823E-01  0.68692E-01  0.66978E-01  0.64711E-01  0.61924E-01  0.58652E-01  0.54930E-01  0.50794E-01
  0.46281E-01  0.41429E-01  0.36274E-01  0.30854E-01  0.25208E-01  0.19374E-01  0.13391E-01  0.72980E-02
  0.11355E-02 -0.50559E-02 -0.11234E-01 -0.17357E-01 -0.23381E-01 -0.29262E-01 -0.34954E-01 -0.40411E-01
 -0.45587E-01 -0.50433E-01 -0.54904E-01 -0.58951E-01 -0.62528E-01 -0.65590E-01 -0.68094E-01 -0.69999E-01
 -0.71267E-01 -0.71865E-01 -0.71765E-01 -0.70943E-01 -0.69385E-01 -0.67082E-01 -0.64034E-01 -0.60251E-01
 -0.55753E-01 -0.50569E-01 -0.44741E-01 -0.38322E-01 -0.31376E-01 -0.23978E-01 -0.16216E-01 -0.81875E-02
  0.00000E+00  0.00000E+00
  0.00000E+00  0.94195E-02  0.18469E-01  0.27060E-01  0.35113E-01  0.42562E-01  0.49351E-01  0.55437E-01
  0.60788E-01  0.65383E-01  0.69209E-01  0.72263E-01  0.74549E-01  0.76078E-01  0.76866E-01  0.76935E-01
  0.76312E-01  0.75026E-01  0.73110E-01  0.70598E-01  0.67528E-01  0.63936E-01  0.59862E-01  0.55344E-01
  0.50422E-01  0.45136E-01  0.39527E-01  0.33635E-01  0.27500E-01  0.21163E-01  0.14665E-01  0.80492E-02
  0.13569E-02 -0.53683E-02 -0.12082E-01 -0.18740E-01 -0.25294E-01 -0.31699E-01 -0.37905E-01 -0.43862E-01
 -0.49521E-01 -0.54831E-01 -0.59739E-01 -0.64195E-01 -0.68147E-01 -0.71547E-01 -0.74345E-01 -0.76497E-01
 -0.77959E-01 -0.78695E-01 -0.78670E-01 -0.77858E-01 -0.76240E-01 -0.73803E-01 -0.70544E-01 -0.66471E-01
 -0.61602E-01 -0.55965E-01 -0.49602E-01 -0.42565E-01 -0.34921E-01 -0.26747E-01 -0.18132E-01 -0.91795E-02
  0.00000E+00  0.00000E+00
  0.00000E+00  0.10463E-01  0.20473E-01  0.29936E-01  0.38772E-01  0.46915E-01  0.54311E-01  0.60917E-01
  0.66706E-01  0.71656E-01  0.75759E-01  0.79014E-01  0.81430E-01  0.83020E-01  0.83807E-01  0.83815E-01
  0.83075E-01  0.81621E-01  0.79489E-01  0.76718E-01  0.73348E-01  0.69421E-01  0.64978E-01  0.60062E-01
  0.54716E-01  0.48982E-01  0.42904E-01  0.36524E-01  0.29885E-01  0.23030E-01  0.16004E-01  0.88496E-02
  0.16123E-02 -0.56626E-02 -0.12928E-01 -0.20137E-01 -0.27240E-01 -0.34187E-01 -0.40927E-01 -0.47405E-01
 -0.53569E-01 -0.59364E-01 -0.64733E-01 -0.69621E-01 -0.73973E-01 -0.77734E-01 -0.80849E-01 -0.83270E-01
 -0.84948E-01 -0.85839E-01 -0.85906E-01 -0.85117E-01 -0.83447E-01 -0.80881E-01 -0.77411E-01 -0.73042E-01
 -0.67790E-01 -0.61682E-01 -0.54758E-01 -0.47071E-01 -0.38690E-01 -0.29693E-01 -0.20173E-01 -0.10237E-01
  0.00000E+00  0.00000E+00
  0.00000E+00  0.11567E-01  0.22589E-01  0.32970E-01  0.42630E-01  0.51501E-01  0.59531E-01  0.66680E-01
  0.72920E-01  0.78236E-01  0.82621E-01  0.86078E-01  0.88621E-01  0.90267E-01  0.91043E-01  0.90978E-01
  0.90109E-01  0.88472E-01  0.86110E-01  0.83064E-01  0.79379E-01  0.75101E-01  0.70274E-01  0.64945E-01
  0.59159E-01  0.52962E-01  0.46400E-01  0.39518E-01  0.32362E-01  0.24976E-01  0.17407E-01  0.97010E-02
  0.19045E-02 -0.59345E-02 -0.13767E-01 -0.21543E-01 -0.29212E-01 -0.36719E-01 -0.44011E-01 -0.51031E-01
 -0.57721E-01 -0.64023E-01 -0.69876E-01 -0.75221E-01 -0.79997E-01 -0.84143E-01 -0.87601E-01 -0.90314E-01
 -0.92229E-01 -0.93297E-01 -0.93474E-01 -0.92723E-01 -0.91013E-01 -0.88323E-01 -0.84644E-01 -0.79974E-01
 -0.74328E-01 -0.67730E-01 -0.60220E-01 -0.51852E-01 -0.42692E-01 -0.32825E-01 -0.22344E-01 -0.11362E-01
  0.00000E+00  0.00000E+00
  0.00000E+00  0.12733E-01  0.24822E-01  0.36169E-01  0.46692E-01  0.56326E-01  0.65017E-01  0.72729E-01
  0.79436E-01  0.85126E-01  0.89797E-01  0.93457E-01  0.96122E-01  0.97817E-01  0.98571E-01  0.98422E-01
  0.97409E-01  0.95575E-01  0.92965E-01  0.89629E-01  0.85613E-01  0.80967E-01  0.75740E-01  0.69983E-01
  0.63743E-01  0.57069E-01  0.50011E-01  0.42614E-01  0.34927E-01  0.26998E-01  0.18875E-01  0.10605E-01
  0.22366E-02 -0.61796E-02 -0.14593E-01 -0.22951E-01 -0.31200E-01 -0.39285E-01 -0.47147E-01 -0.54727E-01
 -0.61965E-01 -0.68796E-01 -0.75157E-01 -0.80983E-01 -0.86207E-01 -0.90765E-01 -0.94590E-01 -0.97622E-01
 -0.99799E-01 -0.10107E+00 -0.10137E+00 -0.10068E+00 -0.98940E-01 -0.96136E-01 -0.92250E-01 -0.87277E-01
 -0.81227E-01 -0.74123E-01 -0.66002E-01 -0.56918E-01 -0.46939E-01 -0.36151E-01 -0.24653E-01 -0.12560E-01
  0.00000E+00  0.00000E+00
  0.00000E+00  0.13962E-01  0.27175E-01  0.39537E-01  0.50965E-01  0.61395E-01  0.70775E-01  0.79070E-01
  0.86259E-01  0.92331E-01  0.97290E-01  0.10115E+00  0.10393E+00  0.10567E+00  0.10639E+00  0.10614E+00
  0.10497E+00  0.10292E+00  0.10005E+00  0.96402E-01  0.92038E-01  0.87009E-01  0.81368E-01  0.75167E-01
  0.68459E-01  0.61296E-01  0.53727E-01  0.45805E-01  0.37577E-01  0.29094E-01  0.20406E-01  0.11561E-01
  0.26110E-02 -0.63933E-02 -0.15399E-01 -0.24352E-01 -0.33196E-01 -0.41872E-01 -0.50322E-01 -0.58481E-01
 -0.66286E-01 -0.73669E-01 -0.80561E-01 -0.86892E-01 -0.92591E-01 -0.97587E-01 -0.10181E+00 -0.10518E+00
 -0.10765E+00 -0.10914E+00 -0.10960E+00 -0.10898E+00 -0.10723E+00 -0.10432E+00 -0.10024E+00 -0.94960E-01
 -0.88498E-01 -0.80870E-01 -0.72114E-01 -0.62281E-01 -0.51441E-01 -0.39681E-01 -0.27105E-01 -0.13833E-01
  0.00000E+00  0.00000E+00
  0.00000E+00  0.15258E-01  0.29652E-01  0.43079E-01  0.55456E-01  0.66716E-01  0.76812E-01  0.85709E-01
  0.93391E-01  0.99853E-01  0.10510E+00  0.10916E+00  0.11205E+00  0.11381E+00  0.11449E+00  0.11412E+00
  0.11278E+00  0.11050E+00  0.10734E+00  0.10337E+00  0.98643E-01  0.93214E-01  0.87142E-01  0.80484E-01
  0.73295E-01  0.65630E-01  0.57542E-01  0.49083E-01  0.40305E-01  0.31260E-01  0.21998E-01  0.12571E-01
  0.30302E-02 -0.65710E-02 -0.16179E-01 -0.25737E-01 -0.35187E-01 -0.44470E-01 -0.53522E-01 -0.62277E-01
 -0.70668E-01 -0.78623E-01 -0.86069E-01 -0.92931E-01 -0.99132E-01 -0.10459E+00 -0.10924E+00 -0.11299E+00
 -0.11577E+00 -0.11752E+00 -0.11815E+00 -0.11763E+00 -0.11589E+00 -0.11289E+00 -0.10861E+00 -0.10303E+00
 -0.96151E-01 -0.87986E-01 -0.78570E-01 -0.67955E-01 -0.56211E-01 -0.43426E-01 -0.29710E-01 -0.15187E-01
  0.00000E+00  0.00000E+00
  0.00000E+00  0.16622E-01  0.32257E-01  0.46801E-01  0.60169E-01  0.72295E-01  0.83132E-01  0.92651E-01
  0.10084E+00  0.10769E+00  0.11323E+00  0.11748E+00  0.12047E+00  0.12224E+00  0.12286E+00  0.12236E+00
  0.12082E+00  0.11829E+00  0.11484E+00  0.11052E+00  0.10541E+00  0.99566E-01  0.93048E-01  0.85919E-01
  0.78237E-01  0.70059E-01  0.61441E-01  0.52438E-01  0.43103E-01  0.33489E-01  0.23648E-01  0.13633E-01
  0.34962E-02 -0.67082E-02 -0.16925E-01 -0.27096E-01 -0.37163E-01 -0.47062E-01 -0.56730E-01 -0.66097E-01
 -0.75091E-01 -0.83639E-01 -0.91662E-01 -0.99080E-01 -0.10581E+00 -0.11177E+00 -0.11686E+00 -0.12102E+00
 -0.12415E+00 -0.12618E+00 -0.12702E+00 -0.12662E+00 -0.12491E+00 -0.12184E+00 -0.11738E+00 -0.11150E+00
 -0.10420E+00 -0.95480E-01 -0.85382E-01 -0.73952E-01 -0.61260E-01 -0.47397E-01 -0.32475E-01 -0.16626E-01
  0.00000E+00  0.00000E+00
  0.00000E+00  0.18057E-01  0.34996E-01  0.50710E-01  0.65113E-01  0.78139E-01  0.89743E-01  0.99900E-01
  0.10860E+00  0.11585E+00  0.12168E+00  0.12610E+00  0.12918E+00  0.13096E+00  0.13149E+00  0.13084E+00
  0.12909E+00  0.12629E+00  0.12251E+00  0.11783E+00  0.11232E+00  0.10604E+00  0.99065E-01  0.91452E-01
  0.83265E-01  0.74566E-01  0.65412E-01  0.55858E-01  0.45962E-01  0.35775E-01  0.25352E-01  0.14746E-01
  0.40103E-02 -0.68004E-02 -0.17630E-01 -0.28419E-01 -0.39109E-01 -0.49634E-01 -0.59928E-01 -0.69919E-01
 -0.79534E-01 -0.88693E-01 -0.97315E-01 -0.10531E+00 -0.11260E+00 -0.11908E+00 -0.12466E+00 -0.12926E+00
 -0.13277E+00 -0.13511E+00 -0.13619E+00 -0.13594E+00 -0.13429E+00 -0.13117E+00 -0.12654E+00 -0.12037E+00
 -0.11264E+00 -0.10337E+00 -0.92564E-01 -0.80286E-01 -0.66602E-01 -0.51605E-01 -0.35410E-01 -0.18155E-01
  0.00000E+00  0.00000E+00
  0.00000E+00  0.19566E-01  0.37874E-01  0.54813E-01  0.70294E-01  0.84254E-01  0.96650E-01  0.10746E+00
  0.11668E+00  0.12433E+00  0.13043E+00  0.13503E+00  0.13818E+00  0.13994E+00  0.14037E+00  0.13955E+00
  0.13755E+00  0.13446E+00  0.13034E+00  0.12528E+00  0.11935E+00  0.11262E+00  0.10517E+00  0.97060E-01
  0.88360E-01  0.79132E-01  0.69435E-01  0.59328E-01  0.48868E-01  0.38108E-01  0.27103E-01  0.15907E-01
  0.45732E-02 -0.68433E-02 -0.18286E-01 -0.29696E-01 -0.41011E-01 -0.52167E-01 -0.63095E-01 -0.73722E-01
 -0.83970E-01 -0.93758E-01 -0.10300E+00 -0.11160E+00 -0.11947E+00 -0.12650E+00 -0.13260E+00 -0.13767E+00
 -0.14160E+00 -0.14429E+00 -0.14565E+00 -0.14559E+00 -0.14402E+00 -0.14088E+00 -0.13610E+00 -0.12965E+00
 -0.12150E+00 -0.11165E+00 -0.10013E+00 -0.86972E-01 -0.72251E-01 -0.56061E-01 -0.38523E-01 -0.19780E-01
  0.00000E+00  0.00000E+00
  0.00000E+00  0.21153E-01  0.40897E-01  0.59115E-01  0.75720E-01  0.90648E-01  0.10386E+00  0.11534E+00
  0.12509E+00  0.13313E+00  0.13950E+00  0.14425E+00  0.14745E+00  0.14917E+00  0.14947E+00  0.14845E+00
  0.14619E+00  0.14278E+00  0.13830E+00  0.13283E+00  0.12646E+00  0.11927E+00  0.11133E+00  0.10272E+00
  0.93495E-01  0.83732E-01  0.73490E-01  0.62829E-01  0.51806E-01  0.40476E-01  0.28894E-01  0.17112E-01
  0.51847E-02 -0.68331E-02 -0.18885E-01 -0.30912E-01 -0.42853E-01 -0.54642E-01 -0.66208E-01 -0.77478E-01
 -0.88371E-01 -0.98802E-01 -0.10868E+00 -0.11791E+00 -0.12638E+00 -0.13401E+00 -0.14066E+00 -0.14624E+00
 -0.15062E+00 -0.15371E+00 -0.15538E+00 -0.15554E+00 -0.15409E+00 -0.15095E+00 -0.14605E+00 -0.13933E+00
 -0.13077E+00 -0.12035E+00 -0.10809E+00 -0.94022E-01 -0.78221E-01 -0.60780E-01 -0.41825E-01 -0.21506E-01
  0.00000E+00  0.00000E+00
  0.00000E+00  0.22821E-01  0.44070E-01  0.63626E-01  0.81400E-01  0.97328E-01  0.11138E+00  0.12353E+00
  0.13381E+00  0.14224E+00  0.14887E+00  0.15376E+00  0.15698E+00  0.15863E+00  0.15878E+00  0.15753E+00
  0.15498E+00  0.15123E+00  0.14635E+00  0.14046E+00  0.13364E+00  0.12596E+00  0.11752E+00  0.10839E+00
  0.98640E-01  0.88339E-01  0.77553E-01  0.66340E-01  0.54760E-01  0.42866E-01  0.30713E-01  0.18355E-01
  0.58437E-02 -0.67663E-02 -0.19419E-01 -0.32057E-01 -0.44618E-01 -0.57037E-01 -0.69242E-01 -0.81158E-01
 -0.92704E-01 -0.10379E+00 -0.11432E+00 -0.12420E+00 -0.13331E+00 -0.14155E+00 -0.14879E+00 -0.15491E+00
 -0.15979E+00 -0.16331E+00 -0.16534E+00 -0.16577E+00 -0.16448E+00 -0.16138E+00 -0.15639E+00 -0.14943E+00
 -0.14047E+00 -0.12947E+00 -0.11646E+00 -0.10145E+00 -0.84526E-01 -0.65775E-01 -0.45326E-01 -0.23339E-01
  0.00000E+00  0.00000E+00
  0.00000E+00  0.24575E-01  0.47401E-01  0.68354E-01  0.87341E-01  0.10430E+00  0.11921E+00  0.13205E+00
  0.14285E+00  0.15166E+00  0.15852E+00  0.16352E+00  0.16675E+00  0.16830E+00  0.16826E+00  0.16676E+00
  0.16389E+00  0.15975E+00  0.15447E+00  0.14812E+00  0.14082E+00  0.13265E+00  0.12370E+00  0.11404E+00
  0.10376E+00  0.92922E-01  0.81594E-01  0.69836E-01  0.57706E-01  0.45260E-01  0.32550E-01  0.19629E-01
  0.65479E-02 -0.66401E-02 -0.19881E-01 -0.33117E-01 -0.46288E-01 -0.59328E-01 -0.72168E-01 -0.84731E-01
 -0.96932E-01 -0.10868E+00 -0.11988E+00 -0.13042E+00 -0.14020E+00 -0.14908E+00 -0.15694E+00 -0.16365E+00
 -0.16908E+00 -0.17308E+00 -0.17551E+00 -0.17626E+00 -0.17518E+00 -0.17216E+00 -0.16711E+00 -0.15994E+00
 -0.15059E+00 -0.13902E+00 -0.12524E+00 -0.10928E+00 -0.91182E-01 -0.71059E-01 -0.49038E-01 -0.25285E-01
  0.00000E+00  0.00000E+00
  0.00000E+00  0.26418E-01  0.50897E-01  0.73306E-01  0.93554E-01  0.11158E+00  0.12736E+00  0.14089E+00
  0.15221E+00  0.16138E+00  0.16846E+00  0.17354E+00  0.17673E+00  0.17814E+00  0.17789E+00  0.17609E+00
  0.17286E+00  0.16832E+00  0.16259E+00  0.15577E+00  0.14797E+00  0.13929E+00  0.12981E+00  0.11963E+00
  0.10881E+00  0.97443E-01  0.85580E-01  0.73287E-01  0.60622E-01  0.47639E-01  0.34390E-01  0.20925E-01
  0.72936E-02 -0.64524E-02 -0.20261E-01 -0.34078E-01 -0.47843E-01 -0.61492E-01 -0.74956E-01 -0.88159E-01
 -0.10101E+00 -0.11343E+00 -0.12531E+00 -0.13654E+00 -0.14699E+00 -0.15655E+00 -0.16507E+00 -0.17241E+00
 -0.17842E+00 -0.18295E+00 -0.18585E+00 -0.18696E+00 -0.18614E+00 -0.18326E+00 -0.17819E+00 -0.17084E+00
 -0.16113E+00 -0.14901E+00 -0.13446E+00 -0.11751E+00 -0.98205E-01 -0.76648E-01 -0.52972E-01 -0.27353E-01
  0.00000E+00  0.00000E+00
  0.00000E+00  0.28355E-01  0.54566E-01  0.78495E-01  0.10005E+00  0.11917E+00  0.13583E+00  0.15006E+00
  0.16189E+00  0.17139E+00  0.17865E+00  0.18378E+00  0.18690E+00  0.18813E+00  0.18761E+00  0.18547E+00
  0.18185E+00  0.17687E+00  0.17067E+00  0.16335E+00  0.15504E+00  0.14583E+00  0.13582E+00  0.12510E+00
  0.11376E+00  0.10186E+00  0.89473E-01  0.76660E-01  0.63478E-01  0.49980E-01  0.36214E-01  0.22230E-01
  0.80756E-02 -0.62023E-02 -0.20554E-01 -0.34926E-01 -0.49262E-01 -0.63501E-01 -0.77574E-01 -0.91404E-01
 -0.10491E+00 -0.11799E+00 -0.13055E+00 -0.14248E+00 -0.15363E+00 -0.16389E+00 -0.17311E+00 -0.18112E+00
 -0.18777E+00 -0.19288E+00 -0.19630E+00 -0.19784E+00 -0.19734E+00 -0.19465E+00 -0.18962E+00 -0.18213E+00
 -0.17209E+00 -0.15943E+00 -0.14412E+00 -0.12616E+00 -0.10561E+00 -0.82557E-01 -0.57143E-01 -0.29549E-01
  0.00000E+00  0.00000E+00
  0.00000E+00  0.30393E-01  0.58418E-01  0.83930E-01  0.10683E+00  0.12707E+00  0.14463E+00  0.15955E+00
  0.17186E+00  0.18167E+00  0.18908E+00  0.19421E+00  0.19721E+00  0.19822E+00  0.19739E+00  0.19487E+00
  0.19081E+00  0.18535E+00  0.17864E+00  0.17080E+00  0.16195E+00  0.15220E+00  0.14166E+00  0.13041E+00
  0.11854E+00  0.10613E+00  0.93231E-01  0.79919E-01  0.66243E-01  0.52256E-01  0.38004E-01  0.23533E-01
  0.88870E-02 -0.58898E-02 -0.20751E-01 -0.35648E-01 -0.50526E-01 -0.65327E-01 -0.79985E-01 -0.94426E-01
 -0.10857E+00 -0.12231E+00 -0.13555E+00 -0.14818E+00 -0.16006E+00 -0.17105E+00 -0.18098E+00 -0.18971E+00
 -0.19705E+00 -0.20281E+00 -0.20680E+00 -0.20884E+00 -0.20873E+00 -0.20629E+00 -0.20137E+00 -0.19380E+00
 -0.18347E+00 -0.17030E+00 -0.15423E+00 -0.13525E+00 -0.11341E+00 -0.88803E-01 -0.61563E-01 -0.31883E-01
  0.00000E+00  0.00000E+00
  0.00000E+00  0.32537E-01  0.62463E-01  0.89625E-01  0.11392E+00  0.13531E+00  0.15377E+00  0.16936E+00
  0.18214E+00  0.19221E+00  0.19972E+00  0.20481E+00  0.20763E+00  0.20835E+00  0.20716E+00  0.20421E+00
  0.19967E+00  0.19370E+00  0.18645E+00  0.17806E+00  0.16865E+00  0.15836E+00  0.14727E+00  0.13549E+00
  0.12311E+00  0.11019E+00  0.96807E-01  0.83020E-01  0.68881E-01  0.54439E-01  0.39737E-01  0.24817E-01
  0.97191E-02 -0.55162E-02 -0.20847E-01 -0.36229E-01 -0.51612E-01 -0.66941E-01 -0.82154E-01 -0.97178E-01
 -0.11193E+00 -0.12633E+00 -0.14025E+00 -0.15358E+00 -0.16619E+00 -0.17793E+00 -0.18862E+00 -0.19811E+00
 -0.20618E+00 -0.21264E+00 -0.21729E+00 -0.21989E+00 -0.22025E+00 -0.21815E+00 -0.21340E+00 -0.20581E+00
 -0.19525E+00 -0.18160E+00 -0.16479E+00 -0.14479E+00 -0.12163E+00 -0.95403E-01 -0.66247E-01 -0.34362E-01
  0.00000E+00  0.00000E+00
  0.00000E+00  0.34796E-01  0.66715E-01  0.95594E-01  0.12133E+00  0.14388E+00  0.16325E+00  0.17949E+00
  0.19269E+00  0.20299E+00  0.21054E+00  0.21551E+00  0.21810E+00  0.21848E+00  0.21686E+00  0.21342E+00
  0.20835E+00  0.20182E+00  0.19400E+00  0.18503E+00  0.17506E+00  0.16420E+00  0.15258E+00  0.14028E+00
  0.12739E+00  0.11399E+00  0.10015E+00  0.85919E-01  0.71353E-01  0.56496E-01  0.41387E-01  0.26064E-01
  0.10561E-01 -0.50844E-02 -0.20837E-01 -0.36656E-01 -0.52498E-01 -0.68313E-01 -0.84041E-01 -0.99615E-01
 -0.11496E+00 -0.12997E+00 -0.14456E+00 -0.15860E+00 -0.17195E+00 -0.18445E+00 -0.19593E+00 -0.20621E+00
 -0.21508E+00 -0.22231E+00 -0.22767E+00 -0.23093E+00 -0.23184E+00 -0.23016E+00 -0.22566E+00 -0.21814E+00
 -0.20741E+00 -0.19334E+00 -0.17581E+00 -0.15479E+00 -0.13028E+00 -0.10238E+00 -0.71213E-01 -0.36997E-01
  0.00000E+00  0.00000E+00
  0.00000E+00  0.37178E-01  0.71187E-01  0.10185E+00  0.12907E+00  0.15280E+00  0.17306E+00  0.18993E+00
  0.20351E+00  0.21398E+00  0.22150E+00  0.22629E+00  0.22856E+00  0.22852E+00  0.22641E+00  0.22242E+00
  0.21677E+00  0.20964E+00  0.20121E+00  0.19164E+00  0.18108E+00  0.16967E+00  0.15750E+00  0.14469E+00
  0.13132E+00  0.11747E+00  0.10320E+00  0.88565E-01  0.73615E-01  0.58390E-01  0.42925E-01  0.27252E-01
  0.11401E-01 -0.45988E-02 -0.20716E-01 -0.36917E-01 -0.53164E-01 -0.69412E-01 -0.85607E-01 -0.10169E+00
 -0.11758E+00 -0.13319E+00 -0.14842E+00 -0.16315E+00 -0.17723E+00 -0.19052E+00 -0.20281E+00 -0.21393E+00
 -0.22364E+00 -0.23170E+00 -0.23787E+00 -0.24186E+00 -0.24342E+00 -0.24226E+00 -0.23812E+00 -0.23075E+00
 -0.21993E+00 -0.20549E+00 -0.18729E+00 -0.16526E+00 -0.13939E+00 -0.10975E+00 -0.76478E-01 -0.39800E-01
  0.00000E+00  0.00000E+00
  0.00000E+00  0.39694E-01  0.75898E-01  0.10842E+00  0.13717E+00  0.16209E+00  0.18322E+00  0.20067E+00
  0.21458E+00  0.22513E+00  0.23255E+00  0.23707E+00  0.23894E+00  0.23841E+00  0.23572E+00  0.23112E+00
  0.22482E+00  0.21705E+00  0.20798E+00  0.19779E+00  0.18663E+00  0.17465E+00  0.16195E+00  0.14865E+00
  0.13482E+00  0.12055E+00  0.10589E+00  0.90903E-01  0.75621E-01  0.60084E-01  0.44322E-01  0.28360E-01
  0.12223E-01 -0.40656E-02 -0.20482E-01 -0.37000E-01 -0.53588E-01 -0.70207E-01 -0.86812E-01 -0.10335E+00
 -0.11974E+00 -0.13591E+00 -0.15175E+00 -0.16715E+00 -0.18196E+00 -0.19602E+00 -0.20915E+00 -0.22114E+00
 -0.23174E+00 -0.24070E+00 -0.24775E+00 -0.25258E+00 -0.25488E+00 -0.25436E+00 -0.25068E+00 -0.24358E+00
 -0.23278E+00 -0.21805E+00 -0.19923E+00 -0.17621E+00 -0.14896E+00 -0.11753E+00 -0.82062E-01 -0.42783E-01
  0.00000E+00  0.00000E+00
  0.00000E+00  0.42355E-01  0.80867E-01  0.11533E+00  0.14563E+00  0.17174E+00  0.19373E+00  0.21170E+00
  0.22586E+00  0.23641E+00  0.24363E+00  0.24778E+00  0.24915E+00  0.24803E+00  0.24469E+00  0.23940E+00
  0.23241E+00  0.22394E+00  0.21420E+00  0.20336E+00  0.19160E+00  0.17906E+00  0.16585E+00  0.15207E+00
  0.13782E+00  0.12317E+00  0.10817E+00  0.92878E-01  0.77322E-01  0.61535E-01  0.45542E-01  0.29362E-01
  0.13012E-01 -0.34927E-02 -0.20135E-01 -0.36895E-01 -0.53750E-01 -0.70670E-01 -0.87616E-01 -0.10454E+00
 -0.12137E+00 -0.13805E+00 -0.15446E+00 -0.17050E+00 -0.18602E+00 -0.20086E+00 -0.21483E+00 -0.22771E+00
 -0.23926E+00 -0.24918E+00 -0.25719E+00 -0.26296E+00 -0.26613E+00 -0.26636E+00 -0.26328E+00 -0.25657E+00
 -0.24589E+00 -0.23098E+00 -0.21162E+00 -0.18765E+00 -0.15902E+00 -0.12575E+00 -0.87988E-01 -0.45960E-01
  0.00000E+00  0.00000E+00
  0.00000E+00  0.45179E-01  0.86118E-01  0.12259E+00  0.15449E+00  0.18179E+00  0.20458E+00  0.22301E+00
  0.23732E+00  0.24777E+00  0.25466E+00  0.25833E+00  0.25909E+00  0.25728E+00  0.25320E+00  0.24715E+00
  0.23940E+00  0.23019E+00  0.21974E+00  0.20825E+00  0.19588E+00  0.18278E+00  0.16908E+00  0.15487E+00
  0.14023E+00  0.12525E+00  0.10997E+00  0.94429E-01  0.78666E-01  0.62701E-01  0.46552E-01  0.30231E-01
  0.13748E-01 -0.28899E-02 -0.19674E-01 -0.36593E-01 -0.53633E-01 -0.70771E-01 -0.87978E-01 -0.10521E+00
 -0.12242E+00 -0.13954E+00 -0.15646E+00 -0.17310E+00 -0.18930E+00 -0.20490E+00 -0.21971E+00 -0.23352E+00
 -0.24604E+00 -0.25699E+00 -0.26605E+00 -0.27285E+00 -0.27702E+00 -0.27814E+00 -0.27581E+00 -0.26964E+00
 -0.25923E+00 -0.24426E+00 -0.22445E+00 -0.19959E+00 -0.16959E+00 -0.13444E+00 -0.94281E-01 -0.49349E-01
  0.00000E+00  0.00000E+00
  0.00000E+00  0.48182E-01  0.91681E-01  0.13025E+00  0.16377E+00  0.19224E+00  0.21577E+00  0.23457E+00
  0.24891E+00  0.25913E+00  0.26557E+00  0.26862E+00  0.26865E+00  0.26604E+00  0.26112E+00  0.25422E+00
  0.24565E+00  0.23565E+00  0.22447E+00  0.21231E+00  0.19934E+00  0.18571E+00  0.17154E+00  0.15693E+00
  0.14197E+00  0.12671E+00  0.11121E+00  0.95495E-01  0.79599E-01  0.63536E-01  0.47315E-01  0.30940E-01
  0.14412E-01 -0.22687E-02 -0.19103E-01 -0.36088E-01 -0.53220E-01 -0.70485E-01 -0.87864E-01 -0.10533E+00
 -0.12283E+00 -0.14030E+00 -0.15768E+00 -0.17485E+00 -0.19168E+00 -0.20802E+00 -0.22366E+00 -0.23839E+00
 -0.25193E+00 -0.26397E+00 -0.27416E+00 -0.28211E+00 -0.28739E+00 -0.28956E+00 -0.28815E+00 -0.28268E+00
 -0.27272E+00 -0.25784E+00 -0.23770E+00 -0.21203E+00 -0.18068E+00 -0.14363E+00 -0.10097E+00 -0.52967E-01
  0.00000E+00  0.00000E+00
  0.00000E+00  0.51388E-01  0.97591E-01  0.13833E+00  0.17350E+00  0.20310E+00  0.22729E+00  0.24634E+00
  0.26058E+00  0.27041E+00  0.27624E+00  0.27852E+00  0.27768E+00  0.27414E+00  0.26828E+00  0.26046E+00
  0.25100E+00  0.24018E+00  0.22825E+00  0.21541E+00  0.20185E+00  0.18772E+00  0.17312E+00  0.15817E+00
  0.14293E+00  0.12747E+00  0.11182E+00  0.96014E-01  0.80071E-01  0.63997E-01  0.47794E-01  0.31459E-01
  0.14983E-01 -0.16422E-02 -0.18426E-01 -0.35377E-01 -0.52498E-01 -0.69788E-01 -0.87237E-01 -0.10483E+00
 -0.12252E+00 -0.14027E+00 -0.15801E+00 -0.17565E+00 -0.19305E+00 -0.21007E+00 -0.22653E+00 -0.24218E+00
 -0.25675E+00 -0.26993E+00 -0.28133E+00 -0.29053E+00 -0.29708E+00 -0.30045E+00 -0.30014E+00 -0.29558E+00
 -0.28625E+00 -0.27164E+00 -0.25133E+00 -0.22497E+00 -0.19233E+00 -0.15334E+00 -0.10809E+00 -0.56839E-01
  0.00000E+00  0.00000E+00
  0.00000E+00  0.54823E-01  0.10389E+00  0.14689E+00  0.18371E+00  0.21439E+00  0.23914E+00  0.25829E+00
  0.27225E+00  0.28150E+00  0.28654E+00  0.28788E+00  0.28602E+00  0.28141E+00  0.27451E+00  0.26568E+00
  0.25528E+00  0.24361E+00  0.23091E+00  0.21741E+00  0.20329E+00  0.18869E+00  0.17372E+00  0.15848E+00
  0.14304E+00  0.12745E+00  0.11174E+00  0.95927E-01  0.80028E-01  0.64039E-01  0.47953E-01  0.31759E-01
  0.15439E-01 -0.10248E-02 -0.17651E-01 -0.34457E-01 -0.51457E-01 -0.68661E-01 -0.86070E-01 -0.10368E+00
 -0.12146E+00 -0.13938E+00 -0.15739E+00 -0.17539E+00 -0.19329E+00 -0.21094E+00 -0.22815E+00 -0.24471E+00
 -0.26032E+00 -0.27466E+00 -0.28734E+00 -0.29791E+00 -0.30586E+00 -0.31062E+00 -0.31161E+00 -0.30818E+00
 -0.29971E+00 -0.28560E+00 -0.26531E+00 -0.23839E+00 -0.20454E+00 -0.16362E+00 -0.11568E+00 -0.60992E-01
  0.00000E+00  0.00000E+00
  0.00000E+00  0.58522E-01  0.11063E+00  0.15598E+00  0.19444E+00  0.22612E+00  0.25128E+00  0.27035E+00
  0.28382E+00  0.29228E+00  0.29632E+00  0.29652E+00  0.29346E+00  0.28767E+00  0.27960E+00  0.26969E+00
  0.25831E+00  0.24575E+00  0.23230E+00  0.21816E+00  0.20351E+00  0.18849E+00  0.17322E+00  0.15777E+00
  0.14221E+00  0.12658E+00  0.11090E+00  0.95179E-01  0.79423E-01  0.63622E-01  0.47759E-01  0.31813E-01
  0.15758E-01 -0.43198E-03 -0.16786E-01 -0.33332E-01 -0.50093E-01 -0.67091E-01 -0.84339E-01 -0.10184E+00
 -0.11959E+00 -0.13756E+00 -0.15572E+00 -0.17399E+00 -0.19229E+00 -0.21048E+00 -0.22839E+00 -0.24580E+00
 -0.26243E+00 -0.27796E+00 -0.29198E+00 -0.30400E+00 -0.31349E+00 -0.31983E+00 -0.32234E+00 -0.32029E+00
 -0.31296E+00 -0.29961E+00 -0.27958E+00 -0.25229E+00 -0.21734E+00 -0.17451E+00 -0.12379E+00 -0.65456E-01
  0.00000E+00  0.00000E+00
  0.00000E+00  0.62526E-01  0.11787E+00  0.16565E+00  0.20574E+00  0.23830E+00  0.26369E+00  0.28243E+00
  0.29516E+00  0.30258E+00  0.30537E+00  0.30423E+00  0.29980E+00  0.29266E+00  0.28334E+00  0.27228E+00
  0.25987E+00  0.24643E+00  0.23223E+00  0.21749E+00  0.20237E+00  0.18701E+00  0.17151E+00  0.15595E+00
  0.14036E+00  0.12479E+00  0.10924E+00  0.93718E-01  0.78214E-01  0.62710E-01  0.47181E-01  0.31596E-01
  0.15921E-01  0.12058E-03 -0.15843E-01 -0.32007E-01 -0.48406E-01 -0.65071E-01 -0.82028E-01 -0.99295E-01
 -0.11688E+00 -0.13477E+00 -0.15295E+00 -0.17136E+00 -0.18993E+00 -0.20855E+00 -0.22706E+00 -0.24526E+00
 -0.26288E+00 -0.27959E+00 -0.29498E+00 -0.30855E+00 -0.31971E+00 -0.32781E+00 -0.33208E+00 -0.33169E+00
 -0.32580E+00 -0.31352E+00 -0.29404E+00 -0.26664E+00 -0.23075E+00 -0.18604E+00 -0.13247E+00 -0.70273E-01
  0.00000E+00  0.00000E+00
  0.00000E+00  0.66888E-01  0.12570E+00  0.17598E+00  0.21764E+00  0.25092E+00  0.27629E+00  0.29443E+00
  0.30611E+00  0.31218E+00  0.31346E+00  0.31074E+00  0.30475E+00  0.29614E+00  0.28546E+00  0.27320E+00
  0.25975E+00  0.24544E+00  0.23054E+00  0.21526E+00  0.19975E+00  0.18414E+00  0.16851E+00  0.15292E+00
  0.13742E+00  0.12202E+00  0.10671E+00  0.91504E-01  0.76366E-01  0.61274E-01  0.46194E-01  0.31086E-01
  0.15909E-01  0.61723E-03 -0.14834E-01 -0.30491E-01 -0.46399E-01 -0.62600E-01 -0.79132E-01 -0.96024E-01
 -0.11330E+00 -0.13097E+00 -0.14902E+00 -0.16743E+00 -0.18613E+00 -0.20505E+00 -0.22404E+00 -0.24293E+00
 -0.26146E+00 -0.27931E+00 -0.29607E+00 -0.31124E+00 -0.32421E+00 -0.33424E+00 -0.34052E+00 -0.34210E+00
 -0.33800E+00 -0.32717E+00 -0.30860E+00 -0.28138E+00 -0.24477E+00 -0.19829E+00 -0.14179E+00 -0.75491E-01
  0.00000E+00  0.00000E+00
  0.00000E+00  0.71672E-01  0.13419E+00  0.18705E+00  0.23019E+00  0.26396E+00  0.28900E+00  0.30618E+00
  0.31645E+00  0.32084E+00  0.32030E+00  0.31576E+00  0.30803E+00  0.29780E+00  0.28569E+00  0.27220E+00
  0.25772E+00  0.24259E+00  0.22705E+00  0.21131E+00  0.19551E+00  0.17976E+00  0.16412E+00  0.14864E+00
  0.13334E+00  0.11822E+00  0.10329E+00  0.88509E-01  0.73856E-01  0.59294E-01  0.44779E-01  0.30267E-01
  0.15705E-01  0.10433E-02 -0.13773E-01 -0.28798E-01 -0.44086E-01 -0.59688E-01 -0.75653E-01 -0.92025E-01
 -0.10884E+00 -0.12613E+00 -0.14389E+00 -0.16213E+00 -0.18081E+00 -0.19986E+00 -0.21919E+00 -0.23863E+00
 -0.25796E+00 -0.27687E+00 -0.29498E+00 -0.31178E+00 -0.32663E+00 -0.33877E+00 -0.34731E+00 -0.35118E+00
 -0.34926E+00 -0.34030E+00 -0.32308E+00 -0.29644E+00 -0.25941E+00 -0.21130E+00 -0.15183E+00 -0.81170E-01
  0.00000E+00  0.00000E+00
  0.00000E+00  0.76962E-01  0.14347E+00  0.19896E+00  0.24343E+00  0.27738E+00  0.30169E+00  0.31746E+00
  0.32590E+00  0.32821E+00  0.32554E+00  0.31892E+00  0.30926E+00  0.29733E+00  0.28374E+00  0.26902E+00
  0.25356E+00  0.23768E+00  0.22161E+00  0.20553E+00  0.18957E+00  0.17380E+00  0.15828E+00  0.14304E+00
  0.12808E+00  0.11339E+00  0.98944E-01  0.84719E-01  0.70673E-01  0.56760E-01  0.42930E-01  0.29129E-01
  0.15301E-01  0.13861E-02 -0.12675E-01 -0.26944E-01 -0.41483E-01 -0.56352E-01 -0.71610E-01 -0.87314E-01
 -0.10351E+00 -0.12025E+00 -0.13755E+00 -0.15544E+00 -0.17391E+00 -0.19292E+00 -0.21239E+00 -0.23221E+00
 -0.25218E+00 -0.27204E+00 -0.29141E+00 -0.30981E+00 -0.32660E+00 -0.34099E+00 -0.35201E+00 -0.35852E+00
 -0.35921E+00 -0.35263E+00 -0.33728E+00 -0.31172E+00 -0.27465E+00 -0.22513E+00 -0.16268E+00 -0.87387E-01
  0.00000E+00  0.00000E+00
  0.00000E+00  0.82862E-01  0.15368E+00  0.21181E+00  0.25737E+00  0.29109E+00  0.31416E+00  0.32799E+00
  0.33408E+00  0.33388E+00  0.32874E+00  0.31981E+00  0.30808E+00  0.29435E+00  0.27929E+00  0.26339E+00
  0.24704E+00  0.23053E+00  0.21407E+00  0.19780E+00  0.18183E+00  0.16620E+00  0.15096E+00  0.13611E+00
  0.12163E+00  0.10750E+00  0.93684E-01  0.80142E-01  0.66825E-01  0.53679E-01  0.40648E-01  0.27672E-01
  0.14689E-01  0.16354E-02 -0.11555E-01 -0.24950E-01 -0.38616E-01 -0.52621E-01 -0.67034E-01 -0.81921E-01
 -0.97344E-01 -0.11336E+00 -0.13002E+00 -0.14737E+00 -0.16542E+00 -0.18416E+00 -0.20357E+00 -0.22355E+00
 -0.24396E+00 -0.26458E+00 -0.28507E+00 -0.30499E+00 -0.32371E+00 -0.34044E+00 -0.35416E+00 -0.36363E+00
 -0.36738E+00 -0.36374E+00 -0.35090E+00 -0.32703E+00 -0.29046E+00 -0.23986E+00 -0.17446E+00 -0.94239E-01
  0.00000E+00  0.00000E+00
  0.00000E+00  0.89508E-01  0.16498E+00  0.22571E+00  0.27200E+00  0.30493E+00  0.32610E+00  0.33734E+00
  0.34052E+00  0.33736E+00  0.32940E+00  0.31794E+00  0.30403E+00  0.28851E+00  0.27203E+00  0.25506E+00
  0.23796E+00  0.22099E+00  0.20432E+00  0.18805E+00  0.17225E+00  0.15696E+00  0.14216E+00  0.12786E+00
  0.11402E+00  0.10059E+00  0.87539E-01  0.74807E-01  0.62339E-01  0.50074E-01  0.37952E-01  0.25907E-01
  0.13874E-01  0.17850E-02 -0.10429E-01 -0.22838E-01 -0.35516E-01 -0.48535E-01 -0.61971E-01 -0.75897E-01
 -0.90389E-01 -0.10552E+00 -0.12135E+00 -0.13795E+00 -0.15536E+00 -0.17361E+00 -0.19269E+00 -0.21258E+00
 -0.23318E+00 -0.25431E+00 -0.27571E+00 -0.29697E+00 -0.31753E+00 -0.33661E+00 -0.35318E+00 -0.36592E+00
 -0.37321E+00 -0.37313E+00 -0.36353E+00 -0.34213E+00 -0.30674E+00 -0.25553E+00 -0.18731E+00 -0.10185E+00
  0.00000E+00  0.00000E+00
  0.00000E+00  0.97077E-01  0.17759E+00  0.24078E+00  0.28727E+00  0.31865E+00  0.33709E+00  0.34498E+00
  0.34459E+00  0.33799E+00  0.32691E+00  0.31277E+00  0.29666E+00  0.27942E+00  0.26165E+00  0.24381E+00
  0.22618E+00  0.20897E+00  0.19232E+00  0.17627E+00  0.16086E+00  0.14609E+00  0.13193E+00  0.11835E+00
  0.10530E+00  0.92727E-01  0.80571E-01  0.68770E-01  0.57264E-01  0.45986E-01  0.34872E-01  0.23854E-01
  0.12864E-01  0.18332E-02 -0.93093E-02 -0.20636E-01 -0.32223E-01 -0.44145E-01 -0.56482E-01 -0.69315E-01
 -0.82727E-01 -0.96801E-01 -0.11162E+00 -0.12726E+00 -0.14380E+00 -0.16130E+00 -0.17979E+00 -0.19929E+00
 -0.21976E+00 -0.24109E+00 -0.26310E+00 -0.28546E+00 -0.30766E+00 -0.32899E+00 -0.34845E+00 -0.36469E+00
 -0.37596E+00 -0.38012E+00 -0.37461E+00 -0.35663E+00 -0.32334E+00 -0.27220E+00 -0.20141E+00 -0.11038E+00
  0.00000E+00  0.00000E+00
  0.00000E+00  0.10580E+00  0.19174E+00  0.25709E+00  0.30299E+00  0.33180E+00  0.34650E+00  0.35013E+00
  0.34551E+00  0.33503E+00  0.32061E+00  0.30374E+00  0.28551E+00  0.26672E+00  0.24791E+00  0.22946E+00
  0.21159E+00  0.19444E+00  0.17807E+00  0.16250E+00  0.14772E+00  0.13369E+00  0.12037E+00  0.10769E+00
  0.95591E-01  0.84008E-01  0.72873E-01  0.62117E-01  0.51675E-01  0.41478E-01  0.31458E-01  0.21548E-01
  0.11679E-01  0.17837E-02 -0.82097E-02 -0.18373E-01 -0.28782E-01 -0.39513E-01 -0.50647E-01 -0.62269E-01
 -0.74466E-01 -0.87332E-01 -0.10096E+00 -0.11544E+00 -0.13088E+00 -0.14736E+00 -0.16496E+00 -0.18374E+00
 -0.20372E+00 -0.22488E+00 -0.24711E+00 -0.27018E+00 -0.29370E+00 -0.31705E+00 -0.33932E+00 -0.35916E+00
 -0.37479E+00 -0.38384E+00 -0.38337E+00 -0.36998E+00 -0.33997E+00 -0.28986E+00 -0.21695E+00 -0.12005E+00
  0.00000E+00  0.00000E+00
  0.00000E+00  0.11598E+00  0.20772E+00  0.27467E+00  0.31883E+00  0.34373E+00  0.35342E+00  0.35182E+00
  0.34230E+00  0.32759E+00  0.30974E+00  0.29024E+00  0.27014E+00  0.25012E+00  0.23064E+00  0.21195E+00
  0.19421E+00  0.17745E+00  0.16169E+00  0.14689E+00  0.13299E+00  0.11993E+00  0.10764E+00  0.96034E-01
  0.85038E-01  0.74577E-01  0.64577E-01  0.54966E-01  0.45674E-01  0.36633E-01  0.27776E-01  0.19037E-01
  0.10349E-01  0.16461E-02 -0.71405E-02 -0.16080E-01 -0.25246E-01 -0.34712E-01 -0.44560E-01 -0.54874E-01
 -0.65744E-01 -0.77266E-01 -0.89542E-01 -0.10268E+00 -0.11679E+00 -0.13199E+00 -0.14839E+00 -0.16610E+00
 -0.18519E+00 -0.20573E+00 -0.22770E+00 -0.25099E+00 -0.27535E+00 -0.30031E+00 -0.32509E+00 -0.34846E+00
 -0.36866E+00 -0.38319E+00 -0.38877E+00 -0.38131E+00 -0.35612E+00 -0.30841E+00 -0.23415E+00 -0.13114E+00
  0.00000E+00  0.00000E+00
  0.00000E+00  0.12803E+00  0.22583E+00  0.29337E+00  0.33413E+00  0.35336E+00  0.35658E+00  0.34873E+00
  0.33378E+00  0.31468E+00  0.29354E+00  0.27175E+00  0.25021E+00  0.22946E+00  0.20980E+00  0.19135E+00
  0.17416E+00  0.15820E+00  0.14339E+00  0.12966E+00  0.11691E+00  0.10505E+00  0.93979E-01  0.83608E-01
  0.73850E-01  0.64624E-01  0.55853E-01  0.47465E-01  0.39389E-01  0.31560E-01  0.23913E-01  0.16384E-01
  0.89128E-02  0.14358E-02 -0.61103E-02 -0.13790E-01 -0.21673E-01 -0.29829E-01 -0.38334E-01 -0.47270E-01
 -0.56727E-01 -0.66798E-01 -0.77590E-01 -0.89216E-01 -0.10180E+00 -0.11547E+00 -0.13037E+00 -0.14665E+00
 -0.16443E+00 -0.18386E+00 -0.20501E+00 -0.22791E+00 -0.25247E+00 -0.27840E+00 -0.30515E+00 -0.33169E+00
 -0.35640E+00 -0.37682E+00 -0.38940E+00 -0.38940E+00 -0.37097E+00 -0.32759E+00 -0.25325E+00 -0.14403E+00
  0.00000E+00  0.00000E+00
  0.00000E+00  0.14251E+00  0.24636E+00  0.31276E+00  0.34773E+00  0.35908E+00  0.35424E+00  0.33925E+00
  0.31859E+00  0.29529E+00  0.27133E+00  0.24787E+00  0.22558E+00  0.20477E+00  0.18555E+00  0.16792E+00
  0.15178E+00  0.13703E+00  0.12355E+00  0.11119E+00  0.99841E-01  0.89379E-01  0.79699E-01  0.70698E-01
  0.62288E-01  0.54384E-01  0.46911E-01  0.39796E-01  0.32975E-01  0.26386E-01  0.19967E-01  0.13664E-01
  0.74180E-02  0.11740E-02 -0.51254E-02 -0.11539E-01 -0.18127E-01 -0.24955E-01 -0.32093E-01 -0.39616E-01
 -0.47606E-01 -0.56156E-01 -0.65368E-01 -0.75353E-01 -0.86241E-01 -0.98171E-01 -0.11130E+00 -0.12580E+00
 -0.14186E+00 -0.15966E+00 -0.17938E+00 -0.20117E+00 -0.22512E+00 -0.25117E+00 -0.27903E+00 -0.30800E+00
 -0.33678E+00 -0.36310E+00 -0.38341E+00 -0.39246E+00 -0.38313E+00 -0.34676E+00 -0.27439E+00 -0.15924E+00
  0.00000E+00  0.00000E+00
  0.00000E+00  0.16014E+00  0.26939E+00  0.33177E+00  0.35764E+00  0.35850E+00  0.34408E+00  0.32146E+00
  0.29533E+00  0.26854E+00  0.24267E+00  0.21852E+00  0.19641E+00  0.17638E+00  0.15835E+00  0.14214E+00
  0.12758E+00  0.11448E+00  0.10266E+00  0.91958E-01  0.82228E-01  0.73342E-01  0.65185E-01  0.57656E-01
  0.50667E-01  0.44136E-01  0.37992E-01  0.32170E-01  0.26610E-01  0.21257E-01  0.16057E-01  0.10961E-01
  0.59206E-02  0.88618E-03 -0.41909E-02 -0.93610E-02 -0.14677E-01 -0.20195E-01 -0.25976E-01 -0.32087E-01
 -0.38601E-01 -0.45602E-01 -0.53182E-01 -0.61450E-01 -0.70527E-01 -0.80554E-01 -0.91691E-01 -0.10412E+00
 -0.11806E+00 -0.13374E+00 -0.15140E+00 -0.17132E+00 -0.19373E+00 -0.21882E+00 -0.24661E+00 -0.27682E+00
 -0.30862E+00 -0.34025E+00 -0.36849E+00 -0.38793E+00 -0.39037E+00 -0.36460E+00 -0.29751E+00 -0.17744E+00
  0.00000E+00  0.00000E+00
  0.00000E+00  0.18183E+00  0.29447E+00  0.34813E+00  0.36054E+00  0.34822E+00  0.32326E+00  0.29335E+00
  0.26284E+00  0.23394E+00  0.20760E+00  0.18408E+00  0.16331E+00  0.14504E+00  0.12897E+00  0.11483E+00
  0.10235E+00  0.91280E-01  0.81420E-01  0.72592E-01  0.64645E-01  0.57450E-01  0.50896E-01  0.44889E-01
  0.39345E-01  0.34194E-01  0.29371E-01  0.24820E-01  0.20490E-01  0.16334E-01  0.12308E-01  0.83703E-02
  0.44812E-02  0.60074E-03 -0.33112E-02 -0.72958E-02 -0.11396E-01 -0.15659E-01 -0.20134E-01 -0.24876E-01
 -0.29949E-01 -0.35423E-01 -0.41379E-01 -0.47911E-01 -0.55128E-01 -0.63162E-01 -0.72163E-01 -0.82312E-01
 -0.93823E-01 -0.10695E+00 -0.12198E+00 -0.13926E+00 -0.15916E+00 -0.18206E+00 -0.20829E+00 -0.23806E+00
 -0.27115E+00 -0.30659E+00 -0.34196E+00 -0.37239E+00 -0.38916E+00 -0.37855E+00 -0.32191E+00 -0.19946E+00
  0.00000E+00  0.00000E+00
  0.00000E+00  0.20852E+00  0.31972E+00  0.35744E+00  0.35129E+00  0.32382E+00  0.28876E+00  0.25330E+00
  0.22062E+00  0.19181E+00  0.16694E+00  0.14567E+00  0.12750E+00  0.11197E+00  0.98633E-01  0.87115E-01
  0.77110E-01  0.68362E-01  0.60664E-01  0.53843E-01  0.47759E-01  0.42294E-01  0.37352E-01  0.32850E-01
  0.28720E-01  0.24900E-01  0.21340E-01  0.17995E-01  0.14822E-01  0.11786E-01  0.88515E-02  0.59873E-02
  0.31623E-02  0.34586E-03 -0.24925E-02 -0.53841E-02 -0.83622E-02 -0.11462E-01 -0.14723E-01 -0.18187E-01
 -0.21904E-01 -0.25929E-01 -0.30329E-01 -0.35178E-01 -0.40569E-01 -0.46610E-01 -0.53432E-01 -0.61197E-01
 -0.70100E-01 -0.80382E-01 -0.92338E-01 -0.10633E+00 -0.12280E+00 -0.14226E+00 -0.16530E+00 -0.19253E+00
 -0.22443E+00 -0.26103E+00 -0.30124E+00 -0.34161E+00 -0.37425E+00 -0.38385E+00 -0.34535E+00 -0.22605E+00
  0.00000E+00  0.00000E+00
  0.00000E+00  0.24038E+00  0.33992E+00  0.35163E+00  0.32255E+00  0.28043E+00  0.23830E+00  0.20102E+00
  0.16968E+00  0.14386E+00  0.12270E+00  0.10532E+00  0.90969E-01  0.79011E-01  0.68961E-01  0.60439E-01
  0.53147E-01  0.46853E-01  0.41374E-01  0.36565E-01  0.32311E-01  0.28518E-01  0.25110E-01  0.22023E-01
  0.19205E-01  0.16611E-01  0.14204E-01  0.11948E-01  0.98163E-02  0.77813E-02  0.58190E-02  0.39067E-02
  0.20229E-02  0.14623E-03 -0.17446E-02 -0.36714E-02 -0.56573E-02 -0.77269E-02 -0.99077E-02 -0.12230E-01
 -0.14728E-01 -0.17443E-01 -0.20422E-01 -0.23721E-01 -0.27407E-01 -0.31564E-01 -0.36292E-01 -0.41718E-01
 -0.48000E-01 -0.55339E-01 -0.63991E-01 -0.74285E-01 -0.86647E-01 -0.10163E+00 -0.11992E+00 -0.14241E+00
 -0.17010E+00 -0.20404E+00 -0.24479E+00 -0.29134E+00 -0.33853E+00 -0.37222E+00 -0.36214E+00 -0.25711E+00
  0.00000E+00  0.00000E+00
  0.00000E+00  0.27410E+00  0.34264E+00  0.31762E+00  0.26589E+00  0.21483E+00  0.17240E+00  0.13915E+00
  0.11354E+00  0.93778E-01  0.78376E-01  0.66207E-01  0.56454E-01  0.48525E-01  0.41991E-01  0.36538E-01
  0.31935E-01  0.28007E-01  0.24620E-01  0.21673E-01  0.19084E-01  0.16791E-01  0.14742E-01  0.12896E-01
  0.11217E-01  0.96785E-02  0.82551E-02  0.69261E-02  0.56731E-02  0.44798E-02  0.33312E-02  0.22136E-02
  0.11136E-02  0.18515E-04 -0.10847E-02 -0.22092E-02 -0.33691E-02 -0.45793E-02 -0.58565E-02 -0.72194E-02
 -0.86894E-02 -0.10291E-01 -0.12055E-01 -0.14016E-01 -0.16218E-01 -0.18714E-01 -0.21571E-01 -0.24874E-01
 -0.28730E-01 -0.33281E-01 -0.38710E-01 -0.45266E-01 -0.53282E-01 -0.63214E-01 -0.75698E-01 -0.91615E-01
 -0.11219E+00 -0.13905E+00 -0.17421E+00 -0.21948E+00 -0.27445E+00 -0.33084E+00 -0.35943E+00 -0.28879E+00
  0.00000E+00  0.00000E+00
  0.00000E+00  0.29437E+00  0.30267E+00  0.23927E+00  0.17701E+00  0.13037E+00  0.97770E-01  0.75145E-01
  0.59178E-01  0.47621E-01  0.39030E-01  0.32480E-01  0.27371E-01  0.23306E-01  0.20013E-01  0.17302E-01
  0.15040E-01  0.13129E-01  0.11494E-01  0.10081E-01  0.88484E-02  0.77620E-02  0.67960E-02  0.59291E-02
  0.51442E-02  0.44271E-02  0.37656E-02  0.31497E-02  0.25703E-02  0.20195E-02  0.14901E-02  0.97564E-03
  0.46968E-03 -0.33862E-04 -0.54113E-03 -0.10584E-02 -0.15924E-02 -0.21502E-02 -0.27397E-02 -0.33700E-02
 -0.40514E-02 -0.47959E-02 -0.56182E-02 -0.65357E-02 -0.75699E-02 -0.87476E-02 -0.10103E-01 -0.11679E-01
 -0.13533E-01 -0.15739E-01 -0.18398E-01 -0.21649E-01 -0.25686E-01 -0.30785E-01 -0.37358E-01 -0.46020E-01
 -0.57728E-01 -0.73990E-01 -0.97175E-01 -0.13084E+00 -0.17943E+00 -0.24489E+00 -0.31221E+00 -0.30505E+00
  0.00000E+00  0.00000E+00
  0.00000E+00  0.25010E+00  0.18343E+00  0.11299E+00  0.69754E-01  0.45290E-01  0.31204E-01  0.22674E-01
  0.17198E-01  0.13486E-01  0.10850E-01  0.89051E-02  0.74242E-02  0.62673E-02  0.53437E-02  0.45925E-02
  0.39717E-02  0.34513E-02  0.30095E-02  0.26301E-02  0.23008E-02  0.20119E-02  0.17562E-02  0.15276E-02
  0.13213E-02  0.11333E-02  0.96047E-03  0.79985E-03  0.64906E-03  0.50595E-03  0.36858E-03  0.23517E-03
  0.10403E-03 -0.26466E-04 -0.15797E-03 -0.29217E-03 -0.43082E-03 -0.57587E-03 -0.72944E-03 -0.89396E-03
 -0.10722E-02 -0.12675E-02 -0.14839E-02 -0.17261E-02 -0.20001E-02 -0.23136E-02 -0.26760E-02 -0.30997E-02
 -0.36013E-02 -0.42027E-02 -0.49339E-02 -0.58373E-02 -0.69737E-02 -0.84334E-02 -0.10356E-01 -0.12965E-01
 -0.16642E-01 -0.22070E-01 -0.30544E-01 -0.44619E-01 -0.69315E-01 -0.11351E+00 -0.18615E+00 -0.25477E+00
  0.00000E+00  0.00000E+00
  0.00000E+00  0.00000E+00  0.00000E+00  0.00000E+00  0.00000E+00  0.00000E+00  0.00000E+00  0.00000E+00
  0.00000E+00  0.00000E+00  0.00000E+00  0.00000E+00  0.00000E+00  0.00000E+00  0.00000E+00  0.00000E+00
  0.00000E+00  0.00000E+00  0.00000E+00  0.00000E+00  0.00000E+00  0.00000E+00  0.00000E+00  0.00000E+00
  0.00000E+00  0.00000E+00  0.00000E+00  0.00000E+00  0.00000E+00  0.00000E+00  0.00000E+00  0.00000E+00
  0.00000E+00  0.00000E+00  0.00000E+00  0.00000E+00  0.00000E+00  0.00000E+00  0.00000E+00  0.00000E+00
  0.00000E+00  0.00000E+00  0.00000E+00  0.00000E+00  0.00000E+00  0.00000E+00  0.00000E+00  0.00000E+00
  0.00000E+00  0.00000E+00  0.00000E+00  0.00000E+00  0.00000E+00  0.00000E+00  0.00000E+00  0.00000E+00
  0.00000E+00  0.00000E+00  0.00000E+00  0.00000E+00  0.00000E+00  0.00000E+00  0.00000E+00  0.00000E+00
  0.00000E+00  0.00000E+00
  0.00000E+00  0.00000E+00  0.00000E+00  0.00000E+00  0.00000E+00  0.00000E+00  0.00000E+00  0.00000E+00
  0.00000E+00  0.00000E+00  0.00000E+00  0.00000E+00  0.00000E+00  0.00000E+00  0.00000E+00  0.00000E+00
  0.00000E+00  0.00000E+00  0.00000E+00  0.00000E+00  0.00000E+00  0.00000E+00  0.00000E+00  0.00000E+00
  0.00000E+00  0.00000E+00  0.00000E+00  0.00000E+00  0.00000E+00  0.00000E+00  0.00000E+00  0.00000E+00
  0.00000E+00  0.00000E+00  0.00000E+00  0.00000E+00  0.00000E+00  0.00000E+00  0.00000E+00  0.00000E+00
  0.00000E+00  0.00000E+00  0.00000E+00  0.00000E+00  0.00000E+00  0.00000E+00  0.00000E+00  0.00000E+00
  0.00000E+00  0.00000E+00  0.00000E+00  0.00000E+00  0.00000E+00  0.00000E+00  0.00000E+00  0.00000E+00
  0.00000E+00  0.00000E+00  0.00000E+00  0.00000E+00  0.00000E+00  0.00000E+00  0.00000E+00  0.00000E+00
  0.00000E+00  0.00000E+00
