 Running SOR
       1  0.24753E-02
       2  0.24412E-02
       3  0.24069E-02
       4  0.23734E-02
       5  0.23407E-02
       6  0.23089E-02
       7  0.22779E-02
       8  0.22476E-02
       9  0.22182E-02
      10  0.21895E-02
      11  0.21615E-02
      12  0.21342E-02
      13  0.21075E-02
      14  0.20815E-02
      15  0.20561E-02
      16  0.20313E-02
      17  0.20070E-02
      18  0.19833E-02
      19  0.19601E-02
      20  0.19374E-02
      21  0.19152E-02
      22  0.18934E-02
      23  0.18721E-02
      24  0.18513E-02
      25  0.18308E-02
      26  0.18107E-02
      27  0.17910E-02
      28  0.17717E-02
      29  0.17528E-02
      30  0.17342E-02
      31  0.17159E-02
      32  0.16980E-02
      33  0.16804E-02
      34  0.16631E-02
      35  0.16460E-02
      36  0.16293E-02
      37  0.16129E-02
      38  0.15967E-02
      39  0.15808E-02
      40  0.15651E-02
      41  0.15497E-02
      42  0.15345E-02
      43  0.15196E-02
      44  0.15049E-02
      45  0.14904E-02
      46  0.14761E-02
      47  0.14620E-02
      48  0.14482E-02
      49  0.14345E-02
      50  0.14210E-02
      51  0.14078E-02
      52  0.13947E-02
      53  0.13818E-02
      54  0.13690E-02
      55  0.13565E-02
      56  0.13441E-02
      57  0.13318E-02
      58  0.13198E-02
      59  0.13079E-02
      60  0.12961E-02
      61  0.12845E-02
      62  0.12731E-02
      63  0.12618E-02
      64  0.12497E-02
      65  0.12375E-02
      66  0.12254E-02
      67  0.12135E-02
      68  0.12017E-02
      69  0.11901E-02
      70  0.11785E-02
      71  0.11671E-02
      72  0.11557E-02
      73  0.11445E-02
      74  0.11334E-02
      75  0.11223E-02
      76  0.11114E-02
      77  0.11005E-02
      78  0.10897E-02
      79  0.10790E-02
      80  0.10685E-02
      81  0.10580E-02
      82  0.10475E-02
      83  0.10372E-02
      84  0.10270E-02
      85  0.10168E-02
      86  0.10067E-02
      87  0.99671E-03
      88  0.98679E-03
      89  0.97695E-03
      90  0.96719E-03
      91  0.95751E-03
      92  0.94791E-03
      93  0.93839E-03
      94  0.92895E-03
      95  0.91958E-03
      96  0.91029E-03
      97  0.90107E-03
      98  0.89193E-03
      99  0.88287E-03
     100  0.87387E-03
     101  0.86495E-03
     102  0.85611E-03
     103  0.84733E-03
     104  0.83863E-03
     105  0.83000E-03
     106  0.82144E-03
     107  0.81294E-03
     108  0.80452E-03
     109  0.79617E-03
     110  0.78788E-03
     111  0.77966E-03
     112  0.77151E-03
     113  0.76343E-03
     114  0.75541E-03
     115  0.74745E-03
     116  0.73957E-03
     117  0.73174E-03
     118  0.72398E-03
     119  0.71628E-03
     120  0.70865E-03
     121  0.70108E-03
     122  0.69357E-03
     123  0.68612E-03
     124  0.67873E-03
     125  0.67140E-03
     126  0.66413E-03
     127  0.65693E-03
     128  0.64978E-03
     129  0.64269E-03
     130  0.63566E-03
     131  0.62869E-03
     132  0.62178E-03
     133  0.61493E-03
     134  0.60814E-03
     135  0.60141E-03
     136  0.59473E-03
     137  0.58811E-03
     138  0.58155E-03
     139  0.57504E-03
     140  0.56859E-03
     141  0.56219E-03
     142  0.55585E-03
     143  0.54956E-03
     144  0.54332E-03
     145  0.53714E-03
     146  0.53101E-03
     147  0.52494E-03
     148  0.51891E-03
     149  0.51294E-03
     150  0.50702E-03
     151  0.50114E-03
     152  0.49532E-03
     153  0.48955E-03
     154  0.48382E-03
     155  0.47815E-03
     156  0.47252E-03
     157  0.46694E-03
     158  0.46141E-03
     159  0.45593E-03
     160  0.45049E-03
     161  0.44510E-03
     162  0.43975E-03
     163  0.43445E-03
     164  0.42920E-03
     165  0.42399E-03
     166  0.41882E-03
     167  0.41370E-03
     168  0.40862E-03
     169  0.40358E-03
     170  0.39859E-03
     171  0.39364E-03
     172  0.38873E-03
     173  0.38386E-03
     174  0.37903E-03
     175  0.37425E-03
     176  0.36950E-03
     177  0.36480E-03
     178  0.36014E-03
     179  0.35551E-03
     180  0.35093E-03
     181  0.34638E-03
     182  0.34187E-03
     183  0.33740E-03
     184  0.33297E-03
     185  0.32857E-03
     186  0.32422E-03
     187  0.31990E-03
     188  0.31561E-03
     189  0.31137E-03
     190  0.30716E-03
     191  0.30298E-03
     192  0.29884E-03
     193  0.29474E-03
     194  0.29067E-03
     195  0.28664E-03
     196  0.28266E-03
     197  0.27871E-03
     198  0.27480E-03
     199  0.27093E-03
     200  0.26710E-03
     201  0.26332E-03
     202  0.25957E-03
     203  0.25586E-03
     204  0.25219E-03
     205  0.24856E-03
     206  0.24497E-03
     207  0.24142E-03
     208  0.23791E-03
     209  0.23444E-03
     210  0.23100E-03
     211  0.22761E-03
     212  0.22426E-03
     213  0.22095E-03
     214  0.21767E-03
     215  0.21444E-03
     216  0.21124E-03
     217  0.20808E-03
     218  0.20496E-03
     219  0.20188E-03
     220  0.19883E-03
     221  0.19582E-03
     222  0.19285E-03
     223  0.18992E-03
     224  0.18702E-03
     225  0.18417E-03
     226  0.18134E-03
     227  0.17856E-03
     228  0.17581E-03
     229  0.17309E-03
     230  0.17041E-03
     231  0.16777E-03
     232  0.16516E-03
     233  0.16259E-03
     234  0.16005E-03
     235  0.15754E-03
     236  0.15507E-03
     237  0.15263E-03
     238  0.15023E-03
     239  0.14786E-03
     240  0.14552E-03
     241  0.14321E-03
     242  0.14094E-03
     243  0.13870E-03
     244  0.13649E-03
     245  0.13431E-03
     246  0.13216E-03
     247  0.13005E-03
     248  0.12796E-03
     249  0.12591E-03
     250  0.12388E-03
     251  0.12188E-03
     252  0.11992E-03
     253  0.11798E-03
     254  0.11607E-03
     255  0.11419E-03
     256  0.11234E-03
     257  0.11051E-03
     258  0.10871E-03
     259  0.10694E-03
     260  0.10519E-03
     261  0.10346E-03
     262  0.10176E-03
     263  0.10008E-03
     264  0.98424E-04
     265  0.96791E-04
     266  0.95182E-04
     267  0.93594E-04
     268  0.92029E-04
     269  0.90485E-04
     270  0.88964E-04
     271  0.87464E-04
     272  0.85986E-04
     273  0.84530E-04
     274  0.83095E-04
     275  0.81680E-04
     276  0.80287E-04
     277  0.78914E-04
     278  0.77562E-04
     279  0.76230E-04
     280  0.74919E-04
     281  0.73627E-04
     282  0.72354E-04
     283  0.71102E-04
     284  0.69869E-04
     285  0.68655E-04
     286  0.67459E-04
     287  0.66283E-04
     288  0.65126E-04
     289  0.63986E-04
     290  0.62866E-04
     291  0.61763E-04
     292  0.60678E-04
     293  0.59611E-04
     294  0.58562E-04
     295  0.57531E-04
     296  0.56517E-04
     297  0.55520E-04
     298  0.54540E-04
     299  0.53577E-04
     300  0.52631E-04
     301  0.51701E-04
     302  0.50788E-04
     303  0.49891E-04
     304  0.49011E-04
     305  0.48146E-04
     306  0.47297E-04
     307  0.46464E-04
     308  0.45647E-04
     309  0.44844E-04
     310  0.44057E-04
     311  0.43285E-04
     312  0.42527E-04
     313  0.41785E-04
     314  0.41057E-04
     315  0.40343E-04
     316  0.39643E-04
     317  0.38957E-04
     318  0.38285E-04
     319  0.37627E-04
     320  0.36982E-04
     321  0.36350E-04
     322  0.35731E-04
     323  0.35125E-04
     324  0.34531E-04
     325  0.33950E-04
     326  0.33380E-04
     327  0.32822E-04
     328  0.32276E-04
     329  0.31741E-04
     330  0.31218E-04
     331  0.30705E-04
     332  0.30202E-04
     333  0.29710E-04
     334  0.29228E-04
     335  0.28756E-04
     336  0.28293E-04
     337  0.27840E-04
     338  0.27396E-04
     339  0.26961E-04
     340  0.26535E-04
     341  0.26117E-04
     342  0.25707E-04
     343  0.25306E-04
     344  0.24912E-04
     345  0.24526E-04
     346  0.24147E-04
     347  0.23776E-04
     348  0.23412E-04
     349  0.23054E-04
     350  0.22704E-04
     351  0.22360E-04
     352  0.22022E-04
     353  0.21691E-04
     354  0.21366E-04
     355  0.21047E-04
     356  0.20734E-04
     357  0.20427E-04
     358  0.20125E-04
     359  0.19829E-04
     360  0.19539E-04
     361  0.19253E-04
     362  0.18973E-04
     363  0.18698E-04
     364  0.18428E-04
     365  0.18163E-04
     366  0.17903E-04
     367  0.17647E-04
     368  0.17395E-04
     369  0.17148E-04
     370  0.16906E-04
     371  0.16667E-04
     372  0.16432E-04
     373  0.16202E-04
     374  0.15975E-04
     375  0.15752E-04
     376  0.15533E-04
     377  0.15318E-04
     378  0.15106E-04
     379  0.14897E-04
     380  0.14692E-04
     381  0.14490E-04
     382  0.14292E-04
     383  0.14097E-04
     384  0.13904E-04
     385  0.13715E-04
     386  0.13529E-04
     387  0.13346E-04
     388  0.13166E-04
     389  0.12989E-04
     390  0.12814E-04
     391  0.12643E-04
     392  0.12474E-04
     393  0.12308E-04
     394  0.12144E-04
     395  0.11983E-04
     396  0.11825E-04
     397  0.11668E-04
     398  0.11514E-04
     399  0.11362E-04
     400  0.11213E-04
     401  0.11065E-04
     402  0.10920E-04
     403  0.10777E-04
     404  0.10635E-04
     405  0.10496E-04
     406  0.10358E-04
     407  0.10222E-04
     408  0.10088E-04
     409  0.99558E-05
     410  0.98252E-05
     411  0.96963E-05
     412  0.95690E-05
     413  0.94433E-05
     414  0.93192E-05
     415  0.91966E-05
     416  0.90754E-05
     417  0.89557E-05
     418  0.88374E-05
     419  0.87205E-05
     420  0.86049E-05
     421  0.84907E-05
     422  0.83777E-05
     423  0.82661E-05
     424  0.81556E-05
     425  0.80464E-05
     426  0.79383E-05
     427  0.78315E-05
     428  0.77257E-05
     429  0.76211E-05
     430  0.75176E-05
     431  0.74151E-05
     432  0.73137E-05
     433  0.72133E-05
     434  0.71139E-05
     435  0.70155E-05
     436  0.69180E-05
     437  0.68215E-05
     438  0.67259E-05
     439  0.66312E-05
     440  0.65373E-05
     441  0.64443E-05
     442  0.63522E-05
     443  0.62609E-05
     444  0.61703E-05
     445  0.60805E-05
     446  0.59915E-05
     447  0.59032E-05
     448  0.58156E-05
     449  0.57294E-05
     450  0.56443E-05
     451  0.55601E-05
     452  0.54769E-05
     453  0.53945E-05
     454  0.53129E-05
     455  0.52322E-05
     456  0.51522E-05
     457  0.50730E-05
     458  0.49944E-05
     459  0.49165E-05
     460  0.48393E-05
     461  0.47626E-05
     462  0.46866E-05
     463  0.46111E-05
     464  0.45362E-05
     465  0.44619E-05
     466  0.43882E-05
     467  0.43150E-05
     468  0.42422E-05
     469  0.41700E-05
     470  0.40983E-05
     471  0.40271E-05
     472  0.39563E-05
     473  0.38860E-05
     474  0.38161E-05
     475  0.37466E-05
     476  0.36775E-05
     477  0.36089E-05
     478  0.35406E-05
     479  0.34727E-05
     480  0.34051E-05
     481  0.33379E-05
     482  0.32711E-05
     483  0.32045E-05
     484  0.31383E-05
     485  0.30724E-05
     486  0.30067E-05
     487  0.29414E-05
     488  0.28763E-05
     489  0.28114E-05
     490  0.27468E-05
     491  0.26825E-05
     492  0.26184E-05
     493  0.25544E-05
     494  0.24907E-05
     495  0.24271E-05
     496  0.23638E-05
     497  0.23005E-05
     498  0.22374E-05
     499  0.21744E-05
     500  0.21115E-05
     501  0.20487E-05
     502  0.19859E-05
     503  0.19232E-05
     504  0.18604E-05
     505  0.17976E-05
     506  0.17347E-05
     507  0.16716E-05
     508  0.16084E-05
     509  0.15449E-05
     510  0.14811E-05
     511  0.14169E-05
     512  0.43694E-06
     513  0.38427E-06
     514  0.35664E-06
     515  0.33845E-06
     516  0.32408E-06
     517  0.31239E-06
     518  0.30213E-06
     519  0.29290E-06
     520  0.28428E-06
     521  0.27622E-06
     522  0.26859E-06
     523  0.26135E-06
     524  0.25442E-06
     525  0.24778E-06
     526  0.24139E-06
     527  0.23523E-06
     528  0.22927E-06
     529  0.22350E-06
     530  0.21791E-06
     531  0.21248E-06
     532  0.20720E-06
     533  0.20208E-06
     534  0.19709E-06
     535  0.19224E-06
     536  0.18751E-06
     537  0.18291E-06
     538  0.17843E-06
     539  0.17406E-06
     540  0.16980E-06
     541  0.16565E-06
     542  0.16161E-06
     543  0.15766E-06
     544  0.15382E-06
     545  0.15008E-06
     546  0.14642E-06
     547  0.14286E-06
     548  0.13939E-06
     549  0.13601E-06
     550  0.13271E-06
     551  0.12950E-06
     552  0.12637E-06
     553  0.12331E-06
     554  0.12034E-06
     555  0.11744E-06
     556  0.11461E-06
     557  0.11186E-06
     558  0.10918E-06
     559  0.10657E-06
     560  0.10403E-06
     561  0.10155E-06
     562  0.99141E-07
     563  0.96795E-07
     564  0.94513E-07
     565  0.92292E-07
     566  0.90131E-07
     567  0.88029E-07
     568  0.85984E-07
     569  0.83997E-07
     570  0.82064E-07
     571  0.80186E-07
     572  0.78361E-07
     573  0.76587E-07
     574  0.74865E-07
     575  0.73192E-07
     576  0.71554E-07
     577  0.69953E-07
     578  0.68388E-07
     579  0.66857E-07
     580  0.65361E-07
     581  0.63899E-07
     582  0.62470E-07
     583  0.61073E-07
     584  0.59708E-07
     585  0.58373E-07
     586  0.57070E-07
     587  0.55796E-07
     588  0.54552E-07
     589  0.53337E-07
     590  0.52151E-07
     591  0.50992E-07
     592  0.49861E-07
     593  0.48757E-07
     594  0.47678E-07
     595  0.46624E-07
     596  0.45595E-07
     597  0.44589E-07
     598  0.43605E-07
     599  0.42645E-07
     600  0.41707E-07
     601  0.40790E-07
     602  0.39894E-07
     603  0.39019E-07
     604  0.38163E-07
     605  0.37328E-07
     606  0.36511E-07
     607  0.35712E-07
     608  0.34932E-07
     609  0.34170E-07
     610  0.33424E-07
     611  0.32695E-07
     612  0.31983E-07
     613  0.31286E-07
     614  0.30605E-07
     615  0.29939E-07
     616  0.29287E-07
     617  0.28650E-07
     618  0.28027E-07
     619  0.27418E-07
     620  0.26822E-07
     621  0.26239E-07
     622  0.25669E-07
     623  0.25111E-07
     624  0.24565E-07
     625  0.24031E-07
     626  0.23508E-07
     627  0.22997E-07
     628  0.22497E-07
     629  0.22007E-07
     630  0.21528E-07
     631  0.21059E-07
     632  0.20600E-07
     633  0.20151E-07
     634  0.19712E-07
     635  0.19282E-07
     636  0.18861E-07
     637  0.18450E-07
     638  0.18047E-07
     639  0.17652E-07
     640  0.17266E-07
     641  0.16889E-07
     642  0.16519E-07
     643  0.16157E-07
     644  0.15803E-07
     645  0.15457E-07
     646  0.15118E-07
     647  0.14787E-07
     648  0.14462E-07
     649  0.14145E-07
     650  0.13834E-07
     651  0.13530E-07
     652  0.13233E-07
     653  0.12942E-07
     654  0.12658E-07
     655  0.12379E-07
     656  0.12107E-07
     657  0.11841E-07
     658  0.11580E-07
     659  0.11325E-07
     660  0.11076E-07
     661  0.10832E-07
     662  0.10593E-07
     663  0.10360E-07
     664  0.10132E-07
     665  0.99082E-08
     666  0.96897E-08
     667  0.94760E-08
     668  0.92669E-08
     669  0.90624E-08
     670  0.88623E-08
     671  0.86665E-08
     672  0.84750E-08
     673  0.82876E-08
     674  0.81042E-08
     675  0.79248E-08
     676  0.77492E-08
     677  0.75774E-08
     678  0.74092E-08
     679  0.72446E-08
     680  0.70834E-08
     681  0.69256E-08
     682  0.67712E-08
     683  0.66199E-08
     684  0.64717E-08
     685  0.63266E-08
     686  0.61845E-08
     687  0.60452E-08
     688  0.59087E-08
     689  0.57749E-08
     690  0.56438E-08
     691  0.55152E-08
     692  0.53891E-08
     693  0.52654E-08
     694  0.51441E-08
     695  0.50250E-08
     696  0.49082E-08
     697  0.47934E-08
     698  0.46808E-08
     699  0.45701E-08
     700  0.44613E-08
     701  0.43544E-08
     702  0.42492E-08
     703  0.41457E-08
     704  0.40439E-08
     705  0.39436E-08
     706  0.38448E-08
     707  0.37476E-08
     708  0.36519E-08
     709  0.35577E-08
     710  0.34651E-08
     711  0.33741E-08
     712  0.32847E-08
     713  0.31969E-08
     714  0.31109E-08
     715  0.30267E-08
     716  0.29443E-08
     717  0.28637E-08
     718  0.27850E-08
     719  0.27081E-08
     720  0.26332E-08
     721  0.25601E-08
     722  0.24889E-08
     723  0.24196E-08
     724  0.23523E-08
     725  0.22869E-08
     726  0.22234E-08
     727  0.21619E-08
     728  0.21022E-08
     729  0.20444E-08
     730  0.19885E-08
     731  0.19343E-08
     732  0.18819E-08
     733  0.18312E-08
     734  0.17821E-08
     735  0.17347E-08
     736  0.16888E-08
     737  0.16444E-08
     738  0.16015E-08
     739  0.15600E-08
     740  0.15201E-08
     741  0.14815E-08
     742  0.14443E-08
     743  0.14085E-08
     744  0.13741E-08
     745  0.13409E-08
     746  0.13088E-08
     747  0.12780E-08
     748  0.12482E-08
     749  0.12195E-08
     750  0.11919E-08
     751  0.11652E-08
     752  0.11395E-08
     753  0.11146E-08
     754  0.10906E-08
     755  0.10675E-08
     756  0.10450E-08
     757  0.10233E-08
     758  0.10023E-08
     759  0.98190E-09
  9.75999928
 759  9.81904493E-10
